002016169146199152013237522962571817
002035046092202030171111068810688117
002061124058205180085094541510016117
002061124058205180085175541510016117
002098232173205148088148013460104317
002140217217050252209077549574765317
002141102051251108156178303443491417
002156120173205249010089276293387717
002181176202131115160069112395992017
002187040142193065050214266050012317
002192040175202029119024494265307917
002193042066199192037078030740307417
002193102227050121229061572434343617
002198212003202024005121068811681117
002199113242205239062025267884954717
002222004229215163007228582090122717
002244102172215163004203123420134317
003167197209231225123090000533290317
003167197209231225123091000531007717
005014223089139180038212078836307017
005079117015205239062170145420686917
007088218038205032024094525851452017
007089233084205218245057209314206817
007169082009202030242024151546136117
007219091169240063017189328810235617
007220250175212195128205443343558217
007232071035116246215156464310904317
007232071059116246215156398800904317
007234055044116246215243355760904317
007234225064231225123093000533950417
007234225066231225123073000536253617
007234225066231225123075000530240317
007234225066231225123075000530976617
007234225066231225123075000531912017
007234225066231225123077000534686217
007234225066231225123091000530825517
007234225066231225123092000534460817
007234225066231225123093000531953617
007234225193231225123079000534086017
007236109084116246215243457020904217
007236109088116246215243536550904217
007238181055116246215156508170904317
007238181100116246215243371010904217
007239229231240183051070034786005217
008101061161231225123075000533937817
008254242188231225123073000532848117
013146093021251190156074133494659217
013147253052205211040133135252674717
013157057228192182226135240701475117
013216124139199152011094242002676517
013216141173207001170186055045731317
013217042121244127156120076304040617
013217123174199208048027241703832617
013217242148199152011094055012679217
013217245016199171106145240403704617
013217245214199177251097240305433017
015043158080199136088172000535630717
015063035181205184035217096101347117
016000173246199137238005183480012317
016000173246199137238005592450012317
016003076040207180012010654763979517
016003076044198209159121654045848717
016003076044198209159121654063966417
016003076058199169207056650814296817
016003076144199137234097655155190317
016003076153050122184226651294045217
016003076153050122184226651315709417
016003076156192030028020652294913617
016003076164194017237222650036082817
016003076164194017237222650053733617
016003076165194102251049654696020217
016003076165199137226238650345174017
016003076167192182191114651695861917
016003076167205180039207654003450317
016003076170205200146090652994064317
016003076173192182221166653212628417
016011104228199177248201654224860217
016012248154244003007143069761940017
016020219082205148085179360024742817
016035195065231225123077000530582917
016043068168116246215232469960148517
016048150183116246215246391510148517
016145222019194043149148493194994717
016149188226198209156153495295483617
016160248194240223012177643276098517
016175053047198209155108639572323517
016195143020231225123076000531435117
016195143020231225123076000534040517
016195143020231225123094000534133517
016195143024231225123076000530946817
016195143024231225123076000534263417
016195143024231225123090000530929017
016195143024231225123094000535055917
016195143025231225123076000530301817
016195143025231225123090000532980917
016195143026231225123080000532079617
016195143026231225123080000534767817
016195143026231225123080000534923717
016195143026231225123094000532384617
016211079229192182067052572663756517
016242056115205216067005000535844817
016242056115215177242085000531785117
016242056115231225123075000534172217
016242056115231225123076000536149017
016242056115231225123080000530586317
016242056115231225123090000532802917
016242056208194038152203000532813117
016242056210231225123081000530444617
016245219142205211122025387690148517
016249228148116246215071650980148517
016249228148205236095024650980148517
016249228150016045106040559090148417
016249230245064005155137490850148517
022194249075199171104070081184049217
022195126195207009243043034781410517
022196110230205035005042081024173817
022246087050205239062133364720167117
025132031184198209173218515850102417
025171116209202029120033327044050017
025205026087202030157146054465006617
025248028004131115010010001234908517
025253009230231225123076000531074817
027123006185215255019213451384372517
027136166078194038151061255143608617
027136167112215163005169386922797417
027232207195205250090026581186091017
027244072195244038204221036585730217
030013000029215027088065203860102517
030015071074199208059064400035293817
030015071074205126032236583824807217
030015071078205126032236034782666417
030015071078205126033100034783668617
030015071078205126037089034782639317
030015072241138154105125034785452717
030015072244205250090026554994988617
030015077047050121086045034783735717
030015091113205151251147034785650617
030015091118199152011063537303595017
030015094049199152010018034783055717
030037228180199170237173397486011217
030048214219215007140194640030808017
030176152219202029212245068812925717
030183239242205055128226135161951117
030185107200199169202100205993494517
030200018248199153054042408630103317
030201072186199170064190271974831917
030201077100205249004179273696189117
030211066069205239062013649565741717
030221082051244003007245173225648717
032033195215198192215036106863693317
032042005180212227179009514133023017
032083196083202024016106466335311617
032135215089192132030066518680307417
032152018166205071021003329334489617
032207174011215161029125371662569717
032210056089215162115022551510268217
033245221061064005155107564361234717
034064239057205126038228045935801117
034104066178205212182066000533293317
034120099237231225123091000533019117
034120101218231225123074000534482917
035001190231199169202100068812790517
035014188071194017228042424130148417
035014188071198033143057424130148417
035097058004251073188066396884611417
035182092215199170237185297131468017
035216142066244158005052580516334117
036046111062194114063058100020910017
036153083188207020027073450382083317
036209224146205055135243166422762917
037001244016212171168138129884571217
037011176169199137233223055812768917
037066127047207012130164089996157417
037106057006212194040070174761357817
040219157003202028017181012533934917
040249207011199171101107189724599717
041146223064205218032210059995205517
041147229041231225123091000531423217
041150230253192029185100050561251017
041155012195231225123076000533809917
041155068095231225123072000536088817
041155068095231225123081000532722717
041155117093199169203020082536524417
041178192112199224149004641816074717
041225076226205187246050050565568817
041234113206192031126139562010102417
042006103124202030070109010253688417
042006168050215167248173597686075917
042024048109202024166184300683984017
042055015051205180066111491992968017
042088245165205249006065010253720317
042089018131192132029115153264212917
042090148163202030014153578570688117
042093135216198254091122204090322817
042094235064207180048013135744353517
042128150003205249003125006666294517
042204052222131115160236070083559617
042204052222215027223171070086208817
042204053160050121229061060086178217
042204053160205071021217060081168217
042204053160207022024194060086464417
042204053160212064070159060084395017
042204053175202167044253070083506317
042204053175205126032234070082696617
042204053175215013072176070080599917
042204053184248200034121070080639017
042204053233205185136196070082644417
042204053233205187246226070082012617
042204053233205218158048070084271117
042204053233240202062082060083723017
042204055065205218157165122800344517
042204056091199224156213060082687617
042204056091205167104077070084894417
042204056091215167114145060082659617
042204056168198193188205070083351417
042204057159199222137066060084032217
042204059034205071025061070085087617
042204059034205218158162060080135317
042204059170138145209075060080120417
042204059170198247225208060081674617
042204060035198228177145060082664817
042204060035205035005166070083372517
042204060035205200226102060086411017
042204060035205213162073070080718617
042204060035215027220171060081770617
042204060041205218156066070084521417
042204060041212230042065060082700217
042204063195205213189188070084754817
042204063195244038133045060084768717
042206249175198255185138122102301917
042207243122202028195010393061968817
044008108211205236089082240105673117
044035021186212230042113081045121217
044055062072199152013238040703175817
044073023188050255049114040501128117
044093254192231225123073000530682017
044198159141215177242083000533636717
044200000013231225123075000531069417
044202017032199168153244040704480817
044218082024207000069050080531193417
047002121236205098239114451506466417
047007025104231225123091000536161717
047024153150231225123080000532824617
047038029046205126037146093393320317
047038039194139143183029093392651117
047038054089215019149253093390172117
047038078125205239062133093390246417
047038103194192167123088093395496517
047038169227205216060222093395133117
047038231038205194245178093395691717
047038242010205180139218093390185817
047044023125199208059180080004246717
047045130065192029170002093394746217
047045158197192022173005093395521317
047045178111215160157143093390880317
047048007179205126033101093390162617
047048064110244158083125093392659917
047048195171205166055177093393317417
047048223029205199050056093394351117
047049217114205211053184093394969917
047050131247205166254206093394158317
047050159204138152126210093393646917
047051015164202167000210093392667617
047051059159198254088028093394403317
047054114103212202218040077815386217
047080081137248200243253055145937617
047100019196199137227028030741533217
047100019241199137227028030741533217
047112113240207001188005080003427717
047122232042131115182085093392644117
047123008040198231235160093393496217
047123050189252248203203093395783717
047123056104207183082205093391481217
047123057205212171017133093394130517
047123106021205212228110093395290217
047123136195212194251014093395090917
047123172000199208063006093393830717
047124006170198193177140093393567417
047124049093198253201122093391888817
047124094072198193183082093390177917
047124137016205149041228093395028417
047124146193205187184146093394229117
047124240061205139035190093394227917
047124240061251190082050093392835417
047125188161205200149026093395337117
047160077070131115052071040701595017
047160077070131115163180040602656117
047169069233207001009042079995171317
048039050108192182239148626176018717
048165037068050122105077039995059717
048165037068050122107031039994257117
048165037068199177255225059990280217
048166085168205239053028080004251117
048167030099205032247173080000231017
048180136105192182193067180780012317
048180136105192182193067198190012317
048180136105192182193067533990012317
048180136105252248025120434720012317
048180136105252248025120495020012317
049015231018251073188098457516367017
049042125100244067210236558980243017
049076058083205113250126268061937117
049113075249212195130200307693150217
049121106231205112117059590312724917
049152098252131115224148258256050117
049152118088194031086040000534454317
049169244060205212182061590194498217
049187043113199169214059194781165917
049220145184231225123075000534540117
049232248223205184032152448552297817
049240242002244031072102150243945717
049243123148251108156178555573491417
050031200227050120063139503215032117
050051173212212196221213088135065617
050071247255205250089013000534995117
050074105082231225123077000532087217
050094108125205098031018515155432217
052232225042139105122034044336204417
053009005074138154105125093063711717
053034027045219092009093278113562217
053037050141205098239114588673719817
053045083179212030146133028664252717
053106006245212064144218010246270717
053150095225199138218255239740102617
054110009237251073161183133822697517
054146019149050062046165040202710617
054146028196205251202126040304960717
054146029115251000115139040205080517
055233058034194017230106531475861217
055233058034205249058184531476542617
056021193058251190010037000533592217
056231227017199170078210005000119417
057001248145251108224098405005032117
057011216162050255048254121032152217
057104127189194017239044533770038917
057104127189194017239252507500038917
057104127189194017239253580300038917
057104127189251196144199533770038917
057150230089192022173233079700117817
057156242120202031053216359213893617
058020005083202029243118148832025217
058024255079219092213041156310689017
058026247147215161031181382730325417
058107014014193065103166068811153817
058107166151205032024094334711444317
058107171196202030062012623080365817
058122177137050123066195253482784517
058158075134215255200013191590248717
058212065201199136070243064576279217
058226202244205167104077051563698117
058226202246199137140191050562633017
058226202247212195128205050563523417
059170169203215177138239571853261717
059176149124207001164180115801812417
059181033152205249055152209164778317
059182037232202118024061013202440017
059183152198202024004032010274101317
059252155150202030197141001233287717
062199050183231225123081000534349317
062200071067231225123072000531903517
062201012208215013072176055140696517
062204109093205126033114055042645117
062204109093215162050050055132638017
062206176135138152152221055132651217
062206176135205236237226055133889517
062209183059131115180171093392689717
062209212061244067235079093390236717
062213120083131115009005093395903517
062227072036205239052130081121843317
062232029149251224228025081185298617
062233128253205236226103081021236817
062233199076205217180050081144616617
062236022167199137227175081061143717
062236234012205066245181081020112717
062245211073050255049114055121129517
062245211073205250089102055125716717
062246018047192029170002041003565717
062246018047205126033114040104539717
062246154137205098239114450046468217
062246203121212195125024040800192717
062246203121215022057063041104165617
062247008115244001198242040604409217
062247021110205250089102040105875817
062247021110212227179066041004755817
062247024247205126037152040805607017
062247091202205126037152040204387017
062250112150205199049150539890005317
062251060124215163164251000531997017
062253021004199171104086200042661717
062254027108205138232131241602092917
063165060220251224005137081125180817
063171239097139096109012040913516617
063175140090207001170186241701819617
063175231215205126034214240104843217
064004255034205098239105000534466117
064004255129231225123072000532386617
064004255129231225123072000532843217
064004255129231225123075000535337717
064004255129231225123077000532719717
064004255129231225123078000535520717
064004255129231225123078000536365517
064004255129231225123081000532824417
064004255129231225123091000532595917
064004255129231225123092000530334717
064004255129231225123093000534460217
064004255129231225123095000530924317
064004255193237042073107000531511617
064025055024212194146194228722680617
064048147114207183132053026236237017
066254103128050056145002514133147217
067000144085244158005051030740307417
067003106036205239062002649865700417
067011034137202029231155214165032117
067014232101202028150026495214336717
067030208110202029222197068810688117
068081232065199138218122313903334817
069078130066205203028025391000115617
070031196106202030170188554475629317
070052008151205180052082158462014317
070061250164205066249079358570102417
070071044246231225123090000534852817
070080035068199152111204359711247517
070095143023202028069168269083221917
070100028023205032028230524405836617
070109174030251108226013238856113717
070114204038194017239253641980038917
070118218237251224117111334144103917
070122052236205236086098542424952117
070196154053205138176039534115651217
070208091054202024004142500074072517
070213068135205184032208524830683617
070223236118244031008023074053773617
070225063221215007246013325474572717
070231116003251190163186500001036217
070232092225202029044056552202144317
070233101104240183050076030590005317
071080090102202030052254010243443417
071081191118193065021034010273610217
072011141001231225123077000531453017
072011141004231225123090000536204017
072011141008231225123079000532048417
072011141160231225123077000534036417
072011211056231225123074000531104317
072011211057231225123091000531860917
072011211057231225123091000535832017
072011211072231225123090000530963617
072011211076231225123078000531230717
072011211078231225123091000531129317
072011211078231225123093000536435417
072011211085231225123081000533590817
072013035187198241161218418631121117
072076073201202029177157426125860517
072165049076199153102059527120114917
073136109206205180122105499655957217
073161164058205251202236545065429517
073161165181050123200251622185120417
073161166002139072053034563185177417
073164070223215161044148095005788417
074105097141194038154240100550103317
074146046154192030038001270192418217
074226017111205218013139503210103617
074226063193205164191130491600102917
074226147021205203028025405720115617
074231040005193065055170453864350517
074231118077199177248208491603031817
074250101244199153047033244264219917
075000222192205113250194568161459817
075010143078231225123076000535339117
075010177186215007236204564722980617
075010177200202029110097544895118117
075010177249202029139040611925138117
075048189110207012139067525242782617
075063141021231225123074000532630117
075065173250139093087219133111008617
075091049151212195029213185904709217
075095164219202029176228100080365917
075095166032251196216074330002746817
075227179128064005155139381830148517
075247165185116246215244371930148517
076071154006193241061248514133373417
076084036044202031094115366366076117
076084085018192166169190092172646117
076084085018199168232024092170930917
076084085018205035005007092171422917
076084085018205098232131092174217717
076084085018205164190013092170103617
076084085018244003240047092170376117
076084087163192182061089557455804117
076084087177244067234160655005192917
076084087225202028118133613315455817
076084087232199152125214607666053917
076084107056244127067110270163463117
076084189038244205078224270152700517
076084214083199168152226549734272417
076122139087207009053128395400102617
076173196253205148030099103752658917
076173196253205148030099134252653117
076188230178138056035109634615135917
076208059126212030170033006550012317
077003063034205070220062463926020117
077079034248215013073071000534915317
077087143179215013072176405670832217
077089101031199138218122215714922517
077170200246050057213170114681708817
077175212199215163006231345950102417
077191162155192029184234432421002217
077226133245215027187202228842645417
077238183221205126037089628571990717
077238186170138091072018193780899917
078027023061050123065253266393979117
078169071149205219218041015751917617
078169078045205125126009274383521217
079001012022198255170134489550493017
079001067127202030131127548356341517
079046081244205217247143340591991517
079047118141202028159081460245077317
079120075206202030061023160012703217
080043178092212227182060049365147517
080072192244202031188221543124360717
080116131125205184043229000533473517
080203091028199168156166641845332017
080205077065198255185126369250693117
080206112252202028068172091121252917
080207024235202030079024353692817817
080207151149251190163116225680108517
080207159146205071021003022594489617
080210034218192182087135010351308717
080215054037199204067111522493394817
081011217143244031072224038415742717
082087147135205239062002276356533817
082097026223207020020107076492188517
082165228077198209180159117833424517
082171120079198255178226611355151017
082175089200212194054215453901018117
082184050022205249003119142412818017
083100105016215027046162324952564017
083230238163205218158237320613403317
084054064070199169206186500386027317
084079212225212197210228477134276017
084084006029215013074091246284011017
084122170141202024005178038004751517
084215068102199221124224519913343717
085046109241199204126212462462657217
085082251138205216097174092552855817
085097015116198033154117023040005317
085239183022192022167254597293276117
086038052028205055132144010282392717
086038178040202028064234198686477417
086038182214205180067216100376423617
086039233118207180012223503215765917
086087103166139180034185105300899917
086106031244215177243203510044063517
086117192184251224005137591414947217
086230229212193065094122068891462117
087089061089215163006039167620121417
087091121236202030130156117363456417
087121247081251000112221510650005317
088051003213192135131115639472692817
088094077135198247245249356321022717
088133177108192167239170080002664517
088197096152244022028153537190012317
089075158127199153102059390156315617
089120082168199220219004544160688117
089188023254207022045110130002662417
089215240085244089194202068890984017
089216149074202024005124227835253817
089230008051205250082070572106447717
090046192060215162049211619695141317
090051029223192182193067007140012317
090051029223252248025120145850012317
090193229080202030077132050012896017
090208238199202030068132024100379417
090217121218202029116051143114918717
090251113070192167239170080002664517
091114128167139212126037444821013817
091177248076192182193067053860012317
091177248076192182193067062360012317
091177248076192182193067332350012317
091177248076192182193067426280012317
091177248076252248025120002700012317
091177248076252248025120147020012317
091214023101251000115135177034213017
091233209225202031041184288853107217
092004016049207008191234082624034417
092016032161198193131066585603711817
092016231178205166059156152970104017
092016238048199137227109457393187217
092017231220194100122110010775727717
092018137230207001005195617405529517
092018188098202031160026010934732417
092029093204215167248157124852603617
092045205216215022059233089675032117
092181182015205071021003089994489617
093116166130202024166154407772567217
093168145171244067209230270466140417
093185000099199136065175081982540117
094136129054207183080198115133877717
094254055172202028186008500526172317
096016119070205184066250497121684417
096019033001215106052199635664988317
096043043137198247238054237510102417
096043202014202028225081644374050017
096054244112194078242129524614319617
096067146147205071047208138915210417
096142019133240063017189539142277817
096189055102199192033231092170930917
096189055102205098232148092121967317
096197134014244067211018087824963717
096205010180202028225081128464050017
096205120082202030068154260852382217
096205213251202028114089030740307417
096251248007205251200212035442778117
096251248007215177155215035445410617
097041219187199170226007228270165817
097041220207198253042195065015159417
097045036106205071047204309553480317
097132228080231225123073000531443317
097132228080231225123078000534407217
097132228080231225123080000531912317
097132228080231225123081000533832117
097132228080231225123091000532075017
097132228080231225123091000536310417
097132228080231225123092000533622017
097132228080231225123094000530131017
097133082094231225123073000531467117
097133082094231225123074000533333517
097133082094231225123080000533462017
097133082094231225123081000532633017
097133082094231225123081000536244217
097133082094231225123092000536236517
097133082094231225123095000532054617
097133087045064005155036000531578817
097133087114231225123074000530810217
097133087114231225123074000534530317
097133087114231225123079000530244717
097133087114231225123090000535250717
097133087174231225123092000533804117
097134081196139180034162602503327617
097160054084205239062133036584982817
097161096059207001001127197895566617
097162040068139180038212520190782317
097162082132050056158046408043313817
097162183116199169220096496812722717
097165031021199137227017400541043617
097165057197199177255009173641250617
097169093045205055128221623482358217
097180140209251215148150608990325617
097180225201199136088086260850758817
097205051242205184032205605010281617
097232113213252248203051180754596917
097245233036194043102144191201614217
098040016172194031095083068810688117
098065162086050253202075457082048117
098078122056219092051184347960714717
098091078099205251205198634374745417
098101053010207012143245575180188717
098151122129251000115139594022124517
098164062162202030185238369765141317
098173073149215163004187030740102417
098176144255215177138239647600102817
098253145160199223127018599600114717
099030148031050122121098464440506017
099106236017240235109045030743450717
099112213243212195130221491600899917
099141080150116246215232503460148517
099141080150116247217084651930148417
099141080151116246215163454740148517
099141080151116246215232454740148517
099141148210205211122024407800148517
099141148220199170078234341990148517
099170119130215007140094130365550317
099234076179202028225081290894050017
099244027145205071025208550720307417
099251170167202029231062036580365817
100208217209231225123073000531412917
100208217209231225123075000531275017
100208217209231225123075000536151017
100208217209231225123076000530778517
100208217209231225123078000532446017
100208217209231225123079000533162917
100208217209231225123081000531635917
100208217209231225123090000533306917
100208217209231225123091000534146117
100208217209231225123095000536162517
100210046160205251205046381460107517
100224167213139180032057367791049817
100247026254194038155067501440124817
100247146074199208159124622402685117
100248192127252248027077287941668017
100250091173138056078236070252976817
101001149018231225123081000536528917
101003044254240063115086208953449917
101003175205138147091113089994138417
101018233026207012129086066723039617
101049108064212194145033120613535217
101089233062231225123072000536022617
101091233006215013072176107614995417
101128028157219092051184079340714717
101135122197251215148144151806003917
101136247115231225123075000530125317
101152186126192182239148642696018717
101156026233205218074002176893512217
101160237152138056077199629150190017
101160237152199137233050378340190017
101160237152240235016232086580190017
101160237152240235016236570730190017
101167158057202028140102273090688117
101177044205207001003108119244019517
101221173233198033105218377610005317
101246137041202031031171089995151317
102113238120198254091123586610222417
102122033060205125104194306355626317
102163201170199136086097011060520017
102213206129198243029005559183534517
103105168145202028070254473615009617
103136021029244022028050453221361017
103139076232205126137110648201423917
103143197066215163006231371350899917
103211142168192029092010335132669017
103229102084231225123073000534292917
103229102084231225123077000530289417
103229103016231225123074000532750617
103229103078231225123093000531434617
103229103081231225123091000535385717
103245144121205184078118624935787417
103245144133219092009137629032168417
103245144238212202151081295591594317
103245145153205184078118494215787417
104053104126205187184009121934804517
104053115061244158083033558530929717
104053124196207008085229068811456617
104053126186215018168232488772067917
104057085076244127157196414992870917
104072160203202028210174520344879317
104088017222198240075071273821100017
104098161066205187188205459382145617
104099115101212202176148636560102417
104100070174138145199250456475988217
104141142117050253202075585662048117
104141158021202029015072241950115917
104150252166207180015004111360244117
104181243211192029095201572082787517
104210017147212230228014514130120417
104210212168199169202100514133478517
104216207111202118088242169035479217
104220089045231225123090000530760617
104220089185231225123078000533038517
105008076232244127157143623480136917
105035187128205113202081601340103117
105139213132215163164214543501984117
105150121007205167204207603342117017
105179240216212195127017415192353317
105193227059199224099045319922835417
105197029156131115160074171132741317
105198000018207180012223366916177917
105198240036244127157143129760136917
105204000136202118024009526560926317
105219051122193065006234199051866517
106002130201231225123091000535616217
106046054024192022167203010434916017
106055204194205032028230549665782717
106068147168215004233051316084232717
106096110037198241226236058700038917
106096110037198252024204058700038917
106103173005050062046165553840761317
106161046065231225123075000532899117
106223176044205211043037167860688117
107027089130139136057194500126226017
107036246075139180038212294370782317
107076149061207020027127064016407217
107079205012217010239155461160514917
107103001089207009053128514131264817
107108084152207180053046270322654417
107201047238207183152092068810688117
107215015253215167248068587801993717
108041188093138152125221456825966017
108073001230199153045144064682397617
108082231097205126032065405002686317
108104201113199168152210068816294017
108120070058198255185126434545938117
108120195062205071032190623480113817
108122133238202028164119068814650717
108127105068240063017146592060155817
108206060174193232161097000532610617
108214000065205112117037010443236117
108233232152205211052220628010329717
108247089047215167112210610162333417
108249004148192135131152596195048417
108253105140240063017189269412277817
109023164247244029048153302745893317
109023179185050122228221182115695317
109040106144231225123091000531070417
109040106144231225123093000531773017
109040106144231225123093000534028317
109041151172199169206186203800110817
109099103189199153107083093060115317
109110148172207022027126650636386717
109118143059202024004112610134502217
109118203132192135131152532465048417
109118244018205200226114477830789117
109132164002212064070171378520328317
109172059000205125092030593100235617
109172224070215167149193548392734217
109173195018199223121252035133863717
109193075101205218041103543885479017
109195136250207001003108524744017817
109197032160205187184009580164704917
109204097010202028133024586435083417
109205237119240063114123424880141217
109207209080202030117193405006241817
109209061048231225123092000535138317
109209061048231225123092000535986217
109233220045205180084151276692556517
109241220074199136103089456323035417
110035203122251224228019456825278817
110063044180198247229142654190105617
110063137154244158005051030740307417
110092029049199137235247446080102417
110098035075198247255011229085522417
110101180248205218244149514135150917
110127065151202031027064399581174417
110184250123205249010089537806385317
110203090161192182205008093066408017
111057099170215161111225642494932617
111057224138251190163139495142260117
111092046218251100096119508241046817
111095171190207008082059435780103317
111199203062192022167048087665120917
112035232070207180012205312223070517
112044229236198247228027109471958617
112073044161240063114182419100103617
112073232208199137229225624573909917
112076095128199153037234457720688117
112078144100207008082059622791671717
112079048135205230082162396280104717
112081189113205032021114001233396317
112081189113207008085066001234695217
112081189113212030023136001235963717
112105072213198193130094602564224617
112113177023198209153030185161931017
112129217105194042037123629140930617
112146214211252248027066555294460017
112159119131192022167203226604916017
112173020212207020027062101980105117
112176210117207001000048050565950717
112188160237202030093060536642823117
113019105097205251206038514130103517
113035178073205184038253456820107117
113067043022202030065098263424925917
113103246207215013072176297290832217
113107135017244212229038068810158917
113107138091212195084221512760436117
113107161078139143180197624444365317
113111066021194078242090089992271317
113115014021198247235138241680103117
113116009128202031021120101103189617
113123110178202030128038247831006517
113130204070202031000155405004050117
113131125047202030242024211686136117
113136162010215027187202125152645417
113172245094192029095211431815840417
113181014228207009053128132621264817
113212142134193241063237491790365817
114028059234194043182153162983462817
114028112160202030117193514136241817
114101126032199169202100612395141317
114152228216205239062133036584982817
114226094090199153047033134044219917
114244047035219092009137239602168417
116037137104194086000000472444774617
116055115195207022027044392304517117
116154050097202031151017270186470517
116241237229139113197233474451164017
116246198149064005155066563560148517
116247099244116246215162513530148517
117017113104215167248157110052603617
117027110204252248203051247064596917
117112239160205112115008093060102517
117130148231205184032218405760618817
117203191194138030202231565155165717
118171164236198247238223444223710217
119128009024205167130007000534255917
119142160210240063017174004436464617
119142160229215177154201004432719717
119142160251205251200208004434646117
120166122215139072053034507482116117
120190151015205200227184348502808317
120200178051205113195104414850102417
121128048241198193176013580212994617
121134233072199169195222139781401317
121149058075244038194195062503025217
121149058188207009053074394646295017
121149058207251000115138281284373917
121149058210205218157165230944135417
121210168158199137227028030741532917
122030155119205166044171361573344517
122142033070139212124082000534096917
122163015178205071044196591665331817
122174106032215019148157491720761617
122199012173192182090031537371250017
123021185055231225123080000536460017
123190098116205148026065018535277417
123190098122199223125061018536543717
123190109103207183158128082004739617
124011024251205126037194179501614517
124029100251231225123091000535418917
124031010117135079171190000532871717
124044067215251073162224232806548917
124044067217050123066177189601039517
124045028219205113255053386763344817
124045100156205035005091386363343517
124045100156205167207110386363343517
124045100169205200029249385353344117
124045222041199137227095177714276917
124045236216212171042236328213344417
124045236217205098234061327913344317
124063251006202031160004249300899917
124149099037199170238018000536339617
124244081067199169198037000535561717
125001025024205249004194163931639317
125003118151244127141165089992898217
125006135017205238230214030742732217
125016174185064005155025627131164017
125109124165231225123079000530943917
125229017165135079171057000533073517
126047073125138145199242082005292117
126047086005199223125061082006543817
126047086179199223125061082006352917
126047092169205213167038082005217117
126060001059135079171057000533165517
126106076227205098234044161903121817
126123198214205148081141204335148817
126199180073215019149245321166384117
127101008018244205138029572242687517
127101008061212064145050617026341217
127101028050207183147109564186089817
127101028082215177139062638956199117
127101028217215177242182544982759317
127101029093192030106038521663049517
127107225022231225123075000530148317
127107225022231225123075000533627517
127107225022231225123077000533986517
127107225022231225123077000534517817
127107225023231225123074000531170417
127107225023231225123081000531905617
127107225023231225123081000532426217
127107225023231225123081000535597617
127107225023231225123091000530687917
127107225023231225123095000535594917
127152047038244003004137588123685417
127198129018205236092133080510012317
127237105233199224153178090002760717
127254177245135079171074000531042417
128220010114194207242207454900103217
129103216242202029247060632904975917
129117087008192030007216395990005317
129161061229205249014187193104643017
129199248160231225123072000535084317
130017125069231225123090000533932717
130044040114231225123094000534956817
130051134174198255176050000534055517
130117032109202167076184473830103817
130150037145231225123072000533117117
130150037145231225123074000532007817
130150037145231225123076000532405017
130150037145231225123076000535356417
130150037145231225123079000535993217
130150037145231225123080000530414917
130150037145231225123080000535423217
130150039103231225123094000532535517
130180197013205216066184334650103017
130255203025231225123077000534854417
131040222060251190011213214346328917
131051240070207001170180088015009117
131051240215139128098015088014099317
131051241093202030023071088015880617
131134146233139219137243001234747417
131134146233194100121085001234911717
131134146233198241225009001235732717
131134146233199208051072001236023617
131134146233199224098097001234190617
131134146233202028119223001234683917
131134146233202028155229001233561817
131134146233202029039239001234992317
131134146233202118044069001233911817
131134146233205032029164001230226817
131134146233205166127210001233858817
131134146233205180022000001234677617
131148087034231225123073000531573017
131150248228050056157172001235139217
131150248228199152012219001233000117
131151065185205071018244000533833117
131151065185231225123093000536023817
131170083102231225123094000532588417
131175084198231225123076000533170117
131184042150215027089179001230012317
131184042150240063017146001230030417
131184042150240063017189001230020917
131188254013251224032194000535011917
131188254013251224032194000535765917
131208002213199136086068030740307417
131208002213212195128205030740346317
131208002217192182071019030740307417
131208002241205071020124614565027517
131208002242139180038212614560776917
131208002245205201187131614560102417
131208002246205125184128614566393217
131208002246205251205198614565300417
131208002247205184032003614565137617
131208002251205180032198614560102417
131208002252199137132015614560102417
131208002254199137129214614565734417
131208004228198209142018614562730017
131208004246205125111116614560667217
131208115136199153050218385640005317
131210139125251190010037000531808217
131255054169205212236250592415837817
132033151022231225123093000533770817
132059159037240063103161053536519817
132222118038215019014000111035224017
132242183018251224228010241975266117
132242183236194038155157116082301217
133043106061202028201134613884000417
133043176211050056145002450583147217
133212009147192029186061395502710017
133212009147205184032089383123792217
133212155125205113193045563885128917
133212244253199177082113340166103217
133213049114244031075061516022081217
133213052209199224098173374720488717
133215186153199169214029514136206317
133226200142215019014000093060515717
133237136109251224091164518820112117
133247056148215007246013225202666817
134009120193198033105216000536029017
134009120193231225123094000534103817
134009124177198033105216000533642117
134009124177198033105216000536332517
134009125238231225123095000532392217
134009127030139212104042000531327617
134025023064207012129092522110717917
134074138123240063103082000530967517
134159101059193065004076056045508017
134159103196202030172052050000596817
134172200160205184043229000534093517
134172200160231225123094000531757817
134215142026202030019149000536302617
134220052149192182212157002994030917
134233147119138145213185612330287117
134233147245215163007214565796367817
135072013018244067209230416983365817
135072013122205164122070348525925117
135072013192192167239169595964962517
135072014070050062046170431524871517
135079087194192182128053513724662217
135079127178199177255039507244984017
135244008101215167248185191325558917
136030128179205184043229000531096217
136030131140205184043229000531735317
136053047022205164112021114244792417
136053047100240235109089191114973717
136053047100244205008122302324796717
136053096056192029095215100250928317
136053100094231225123072000532882117
136053114140231225123080000535155317
136053114140231225123094000533759617
136053123190139143182038101494548117
136053123190202030198046100744893717
137067095126207180012205340473070517
137072067116205187185217244670891017
137118059109198220149151270505498317
137175037049212034106092019392770317
137217021029215161111233014925579217
138119065051240063017146293170116817
138130098185202118037250533432087817
138150090222205184032089521031419017
138152152245205249057107224964211117
139044150245231225123079000534137717
139185135082207180189166000534622517
140066159231116246215242509690904317
140066190103212030157184001233661117
140075251071231225123080000530241617
140075251100237042073107000532438917
140075251144192029095044000534350617
140083255111198033105217000534210017
140126025066231225123078000532961017
140180208166215019232013088015355017
140194243014139136057194500125040617
141137156144138091093139004436506117
141236058073231225123080000530796617
141236058083231225123074000535269617
141236058098135079171128000536167017
141236058101198193188091000531284517
141236058191231225123078000536271917
141236059015231225123080000531595017
141236059061205184043228000532917917
141236059075192031165197000532060917
141236059116231225123093000531291317
141236059158135079171076000531452017
141236059206231225123090000532476617
141236062042231225123093000532937917
141236062053231225123092000532751417
141236062075231225123092000532577317
141236062082231225123080000530510617
141236062100231225123094000535270417
141236062108231225123072000532160317
141236062140231225123091000531973317
141236062151231225123077000534369517
141236062182231225123077000531395417
141236062251231225123073000530921617
141236063005231225123074000532363017
141236063012231225123073000534455217
141236063017231225123077000534765817
141236063052231225123090000530648017
141236063092231225123075000533006017
141236063103231225123072000535291917
141236063126135079171145000532531817
141236063126135079171194000534710417
141236063126135079171205000532215617
141236063135231225123077000531970417
141236063231231225123080000535170217
141236063242231225123092000532163117
142039248210194038153213219741528417
142073049132194017239253131180038917
142073049132194017239253223120038917
142124204008251224088150200990102417
142215081146205199063110589742441117
143068102014064005155192000536426317
143093198225231225123073000536377317
143165161027199169206186313185311817
143165233006205126171110048135688717
146004068083198229187110533382753117
146017019058231225123090000530156317
146041217165205071139075119035264917
146118140176215022004166000535537317
146119207230199169214181069002539117
146119207230205211034159069005458817
146119207230207020018220069000106217
146120136169231225123095000535639717
146146109116205212182066068810688117
146146154001205167059073255040038917
146217204240244038133045361473249417
147008107162192029095218156163779117
147014045182050062046165068865072017
147020010216215177154219483943197217
147145124223244158005053117796394917
147159202228231225123094000535820217
147162249038205211048021000531733617
147202245059231225123072000534144217
147221237040205219174006226662744317
147253192077202031052225230885702317
148011071182199169195222514131401317
148067220032199153099086000535772117
148067222061199153099165000530932417
148067222062199153099165000532105317
148067222062199153099165000534603917
148067222062205167107229000530204917
148067222062205218074002000532672217
148067222062205218074002000536052717
148067222062212194251002000534305117
148067222062215007246013000535684517
148067222062240223215108000531604817
148067222062244029048153000533932017
148067222062244029048153000536112117
148067222062244158083115000535965617
148067222062251100165037000533014817
148074064187198253172174000530737817
148074155144244127020085043796197117
148080010116202167207047050720506017
148083148055193065003106000532011217
148096100051199177255167274281361417
148152024128138147090121073502652417
149016111014244157134082000530102517
149042099213194031112211092122858517
149055206227135079171182000534527717
149140045136116246215024385270005317
149158066082050122121098062301217017
149210152067212195133124498193292717
149210152176205127143184050556009417
149228008246231225123092000531591617
149246106206205212225165190002830317
149249218226231225123092000535376717
150049243004231225123080000532900717
150149075115205249055152151674778317
150166085056202031040132034780113517
151085001102231225123092000533318517
151104122246199153055033000531037617
151198129011050123136248283600190017
151198129011138152255063299360190017
151198129011139001140200299360190017
151198129011192182003185194320190017
151198129011205071019168087650190017
151198129011205071028051087650190017
151198129011205071028170445990190017
151198129011205200173144087650190017
151198129011205200175038087650190017
151198129011205200225040087650190017
151198129011205236148042087650190017
152071105098192030007221000535421817
152084155111194017229034000533420617
152151005099205032022194056980005317
152218188141231225123076000530220717
153039114213251100099162092120428517
153044039093231225123075000534135617
153182225055199169206186513950110217
153190242153199168152226010913949517
153216046202205251205198111115723717
153217060166244212073048156306196517
154044231006138146063253031993934917
156100228037198033136105161195854517
156108211212202028024044176021263317
156183188197205216067013000535343317
156245142020199223124076086800313317
156245189123207008082059164560103317
157202008207198253220163321720012317
158014069117202029021053011193925217
158040070076050122062058618005749617
158050105124202031021214529893919317
158050254114205194245046249871299617
158051149109205217180050010265023617
158079248008202029230034162784354917
158101010242215167248138256875282217
158104004156251224035027018641818317
158120240035199169014172494345835517
158147009058194102244093068815492617
158214183133202030022235580180899917
192044165083050253169183564071277217
192044165083050253169183588661275717
192044165083050253169183611871276017
192044165083050253169183622421277017
194058170147240183051073175622175017
194059065237205249053052360873830517
194112093121205126037150121012645517
194151118218202029193209182173404217
194176182146202031041184552313107217
194187210001202031150232332895353517
194195131042205251205198594674954417
194224068102215018133166010240304917
194244175183202028160151036580365817
195005227089139180038212036580365817
195068122108244205153057626383920517
195082042166207020027127270320374417
195112232032215106052199517324988317
195129121135207020027127270320878617
195134056029199153046045277610103617
195163051220207001170180496956177217
195165100180205219154089142793287417
195186026078205251200174619255456017
195191115250212195071106388062800117
195215177236240063017146158555863417
195255195129199177255000477831469917
196014049172231225123074000532514617
196043026097231225123072000531706017
196043026097231225123072000532553917
196043026097231225123073000531155817
196043026097231225123074000530295717
196043026097231225123074000530352717
196043026097231225123074000531178617
196043026097231225123076000530579417
196043026097231225123077000533550817
196043026097231225123077000534488917
196043026097231225123078000530914317
196043026097231225123080000531341017
196052037242205180094048151510409717
196052037242205251202157151524915417
196055077101231225123095000530849117
196055172072205187185163080002721117
196055183065207022045110039991608817
196085001142202030099010482584323317
196085001142202030105015482583862217
196085010198194031116066036584467817
196085166145202118019045471035189217
196085169003202031021214370953524517
196085210179251215148144442666003917
196093064047207180012223000536205617
196093065108231225123072000530603817
196093065108231225123073000532271517
196093065108231225123074000530437517
196093065108231225123075000534120217
196093065108231225123076000533007417
196093065108231225123077000531225917
196093065108231225123080000536422317
196093065108231225123090000531975417
196093065108231225123090000534334417
196093065109231225123093000535883817
196180166093215013083101313893752017
197025047074212195128205147544617717
197038148067205164097069051280506017
197043152171237042073248020010200117
197046169036205249003071270482647017
197047192069231225123075000533405817
197052076085231225123092000532359817
197052125072205167130007000532224817
197086015014199153047037494461121117
197095110132240063017146180190116817
197106250176202029149205239521493617
197109049206215163005030200166003217
197130100072192182074123250002763217
197134100137205126137100453692577317
197210006237205217247190603220775117
199013168013202028230203537514859617
199053127042215004019226336623765117
199096214000198247251165331130105317
199244053043199152013237234822561717
199245250047205126033101134141116517
199249064156231225123093000532935417
200052183247202030054147496344898017
200095139228202030123205010000100017
200113025244212195128205270152699017
200124200090192182193067051080012317
200124200090192182193067073480012317
200124200090192182193067107840012317
200124200090192182193067294680012317
200124200090192182193067374180012317
200124200090192182193067375040012317
200124200090192182193067459770012317
200124200090192182193067568310012317
200124200090252248025120144410012317
200124200090252248025120173680012317
200124200090252248025120262480012317
200124200090252248025120349800012317
200124200090252248025120422230012317
200124200090252248025120435820012317
200162251249205180066111438722968017
200174071228139143182108010273426517
200174155096202028024230368805902317
201001229218205216067013000535211717
201084218219193232166117597954775717
201137235240212171081016068812676817
201162252069251224004088068813568617
201192086187205126108207394312292717
201192186239202030078219128254733517
202017126114205239079024050600524417
202019036052192182179229571282786317
202119204198199170068172363070005317
202119204200199170068172651050005317
202119204217199170068172629060005317
202119204219199170068172496360005317
202119204221199170068172505390005317
202119204222199170068172601040005317
202119204224199170068172400780005317
202220175106205239079024050600532317
203085187240231225123072000533492617
203118228174139180034162012913327617
203123006164205070220062544956020117
203123124019205125127041369155805217
203132058010205070220088180222623917
203203182002231225123073000533982717
203203182002231225123079000535104517
203203182002231225123091000530314517
203203182002231225123095000536029117
204002086017199153054042105590103017
204003218218199137224033270320143617
204023110000251196216067502306485617
204028138215131115160077070352692917
204046026097207012139034592270235217
204046050129205098232229042854267917
204088224129192132030066030740307417
204090126099202028195010543791968817
204124074102205218244149046983264017
204124086089205236085028070634180517
204124097237215004018234564511281417
204124133129207180051185473890808017
204129091157207183152092068810688117
204150012238202024167133227652139917
204189010120193065101070089991675217
205016141152199223117202081960279617
205052083197205126037150367772645517
205129040140231225123073000530627517
205216158056199224148178000535014117
205216158056199224148178000535673817
206014117076202167129004413183491417
206019124226205098234026030616172517
206089105022212196048209587142154917
206089105158212196048209254036552317
206105047132202031159113261606321817
206112038137199137232025270323185517
206168075089193065057026414325235917
206168117167202030081069617786146417
206169022144202030206240253914210517
206169211024198247235138623480103117
206189170109202028146044292855212617
206205132151205113192143308544360917
206208122124231225123092000532482317
206211044229244248166237011945092017
206217058149205249051081284315080117
206220228046205211054118188980814717
207013247127205126032234482355341417
207116022064199170068172445090005317
207116022073199170068172243230005317
207116022078199170068172303900005317
207117057112202024016182034785830117
207149154165205250094132368762768417
207196206037199153100181211252437017
207199042168244038133045146064970917
208021025141202028198214314975054917
208082203076215007141241421646070817
208124057094202030163151230306387517
208191004168207001000034321002868417
208191005023207001000034320992868417
208229082224212194052028108955390717
209088148083139212102230159943902217
209089183066202031061201145163861217
209101055061251196145100417012092517
209101063078202029231130431265544617
209114107215050057213170068811708817
210013122221198209185095594442676517
210056093042215007246013630766103917
210061102044215177154198004432642117
210061102069215177154219004432821717
210061102106215177154201004432673017
210061102218205251202087004435627717
210061112218215177154201004435193717
210061112218215177155029004434142317
210061112218240063017189004435076217
210061112229215177154219004430314417
210061112230215177154219004432651817
210061159128205113198250004434424117
210061166081240063017189004434367217
210061167088205251202106004435521617
210061167103240063017189004434720717
210061167105205251200120004433495717
210061173003205113194097004434555517
210063197068202167002161050565189317
210178016215199137227028030741532917
210187077123215027184232068812766217
210187145027212202151081083470879117
210206026081205211056089085900038917
210213100095199168152210068816294017
210254117240202031023033386181148317
211038129096240063017146004433394217
211038129098240063017189004435292017
211240192204199170068172616700005317
211240192208199170068172038400005317
211240192212199170068172154650005317
211240192213199170068172641970005317
211240192219199170068172631760005317
211240192230199170068172515760005317
211240192235199170068172527740005317
211240192253199170068172648590005317
211247232227192182008151001235739417
211253197119194086007127556592716317
211253199031199137227090647390262717
211253200204139130007194592996275417
211253200219198193186216625272721117
211253200219251224229119625274319317
211253200238244029049123569913833817
211253220172194031033031521121167817
211253223037205125102216541275601517
211253223118244003240026545290236917
211255039086199137238005364000012317
212143024172116246215157544110904317
212143025093116246215156393780904217
212230093210251196218162502535319617
213107184216202030130242593906234817
213107184216240183048189595105413117
213128213004205251205198512095784017
213182131057205251200212100034621017
214019088031205218158241622595271317
214028003062202167077046337431129317
214030178107202031028194422784947517
214134232070205180215113421302683217
214134246149192182243066210320102617
214135022098192029095211100272872617
214169020186251196145111068820899917
215167200011244248024143190481487517
217242175195199152015202000535267417
218042029243207012136247294452741817
218131143248192135131146045006195317
218158088184192182225183044336183317
218225013136116246215242356330904317
218225091066231225123072000535826317
218225091066231225123073000531788317
218225091066231225123078000532780917
218225091066231225123093000534263017
218225091067231225123075000531773117
218225091067231225123075000533088717
218225091111231225123091000532177117
218225141139116246215157357770904217
218225162157116246215240635650904217
218225162181116246215156354460904317
218225162185116246215156400650904317
218225162187116246215241386120904317
218225162216116246215242388170904317
218225162218116246215156390570904317
218225236210116246215156605840904217
218225236210116246215157605840904317
218225236211116246215242430250904217
218252053227139218240061208906033717
218252053227215167025218208902660917
218252110062212195069081220823370017
218252111181205211052252000234717317
218252194008138091029013000230577317
219122038110231225123078000530558517
219122038110231225123094000532412117
220145171171205250090022149712684817
220253110232202024167240448350952017
221091243151215018133166041722826117
221191093051192182140199093060930617
223002129089198252174183000536538317
223003039002202030076065011940102417
223003085117199169195068011944649317
223010192225202029189008270194919017
223010192252240063112063270192896817
223010195092138030199047270186129817
223010197051205071016026043796514117
223010207032192182028128151521245417
223010207032192182089173151524915417
223010207032192182089196151514915417
223010207032194043127124151532628917
223010207032199204084212151514915417
223010207032205180095052151530102417
223011156115198192205182088012941017
223021079078205113201135529385067617
223044129146050121119148151514915517
223044129146192167233077151522172017
223044129146192182046147151512696717
223044129146194031082146151510280317
223044129146194041046247151514915417
223044129146194102250183151534915417
223044129146198193176216151534915717
223044129146198247247069151534915417
223044129146199153038247151530104117
223044129146205098239114151525877917
223044129146205249015058151512649217
223044129146205250036141151530409817
223045056025205239062133549724176717
224005114202219092011204509691969817
224019165077199177255206425100005317
224187148013199224102037248882989017
224236236240212195004146511596486117
225021054208199152108151514486150217
226025128048240183048199220035612917
227180228110199153054042571770103317
228047007195219092207084353181193917
228079249019231225123095000536396517
230100185077244029048153456612282617
230123000233138030253200474155341317
230123000236205211062081419255341317
230203221195202024007232045001869917
231023054004244067210224067835318117
231057147156202030174210170582874017
231059146130212171082154536963940817
233049222095244158005052538536334117
233094093174202029001096611372953617
233101156187202118029077113196146517
233101156187202118029077136046532817
233101156187202118029077176603181017
235201107094205180073171136533036317
236146016193139212115173000531981117
237042071043237042073248020010200117
237042071045237042073248020010200117
237042093047237042073248020010200117
237113105038231225123074000531861717
237241128204205139035254034785603017
237241130076202029060102034785081217
237250176255199224100174000533912917
238063217233139212098236546080012317
238063217233192167232142392170012317
238063217233202026068186493610012317
238174092028219092011204100202806517
238174120075207180012223100005839517
238174121177194038149128100510165917
238204142132207020253153021534006517
238204206120205184037204000256034517
238204247126199208051072445731197517
239114137243050122167218089996230117
239197074166231225123080000531234217
241205009070207001000033099872868717
242022071067050062046165578611883117
242072010097212171014178583901251117
242074089125138030201040596915907917
243054009035205126137133000535682517
243054081004231225123090000531808317
243054081006231225123079000533791317
243054081013231225123079000532872917
243054081014205180215253000531148517
243054081022207022024153000531443617
243192025006199153048236432980106617
244057135103231225123081000530692817
244199065033199136086040001093678717
244199096122194042036113000231171417
244200061166202031141188045050450517
244229037179050056082029574402725817
245026251178202029027055068810688117
245098161055231225123092000534093417
245209094122205202228102000530148817
245212080129199137224033001094131717
246183206199215161045120248740677017
247003246130202031027064633376045917
247111027063205212176066278222503817
248062241188207183132053375316237017
248126214171192030020233084676488917
248126214185192030020233084636488117
248126214187192030101172084754469017
248138141038205032022202001230221117
248199037074202027127027104320012317
248199106039212202150023070750215917
249018145056215176008130514205546017
249018177014244031072105514132634817
249070079098199152015182001233107517
249070079098212194091167001230012317
249070079099198193191149001230012317
249070079099199152015182001233107517
249070079099207012133058001230012317
249070079099215027089149001230012317
249070079099215027089179001230012317
249143060071231225123094000534814517
249237145144249237208045020005014517
250025126186231225123075000532208017
250025126186231225123094000531382517
251000212201207180015209228920109817
251000215066194017011181639030103217
251000215190192029215053529340254417
253102008178050122136018001230012317
253102008178138152245128001230012317
253102008178192031065013001230012317
253102008178192135136170001230012317
253102008178193065125229001234953317
253102008178194039054234001233675217
253102008178198241224085001234116617
253102008178198254091182001230012317
253102008178199208159214001230012317
253102008178202030024061001234966317
253102008178205033026255001230012317
253102008178205203245068001230012317
253102008178207001164179001233484917
253102008178207012133059001230012317
253102008178212195130106001233702417
253102008178215027090201001230012317
253102008178215167025078001230012317
253102008178215167026047001230012317
254116211058192166232252092120930917
254116211058205218041072092125016017
254116211058240223213173092120930917
254116211058251224005137092120930917
254216107121205250008064150055636617
