002019043159199169214086142255155117
002082234046194207240002118050935517
002091227017205199053093068814095917
002128144178139130006254039463743317
002138251132207012143178433205347217
002141199001215160157150410581876717
002143173020202028047152010414886617
002151078140205098232145543654001517
002154181158050120063005622850102917
002158063159212195089174165303666417
002160010186207012136247474292741817
002169129200205249058131356735233517
002184176247050123065253179274013217
002192040175202029119024494265307917
002193102227050121229061572434343617
002199113242205239062025267884954717
005173251118251215114118024252102517
005241017031231225123075000535814417
007154190217205249003219581092051317
007157222011202031167039103766213817
007172095062205138232089474870560317
007172153245205212176221583982838917
007207149129205071043054258930102417
007219114182192029080140322281782317
007220250175212195128205443343558217
007232071035116246215156464310904317
007232071059116246215156398800904317
007234055044116246215243355760904317
007234225066231225123074000535630417
007234225066231225123075000533556717
007234225066231225123076000531807917
007234225066231225123076000532569317
007234225066231225123076000533520517
007234225066231225123092000535809817
007234225066231225123093000531116917
007234225066231225123093000532767517
007234225066231225123093000536218417
007234225066231225123095000534777017
007236109088116246215243536550904217
007237234147205098239108519870148517
007237234147205098239109519870148517
007238181052116246215242640710904317
007238181055116246215156508170904317
007238181100116246215241371010904217
007238181100116246215243371010904217
007238190066205032017210034785648717
008075086150116246215229000535921917
008104239022205125079000000532650117
008105070152231225123091000531509317
009014137118199153059197000535355817
012130008064207001006092004435415517
013146093021251190156074133494659217
013147253052205211040133135252674717
013157052208205238230214240704941617
013157057228192182226135240701475117
013216085009244205139197240401104017
013216219121205249053193240202711317
013217042121244127156120076304040617
013217220047199171108245055114477017
013217242148199152011094055012679217
013217245016199171106145240403704617
013217248252199171108245240004273117
015029124123192022167203038054916017
015063039098202031147139065672297317
015223208048198193179219633990677017
015237052145205213189148000531813517
016000173246199137238005183480012317
016000173246199137238005592450012317
016002248216199169201050004435809717
016002248216205098232208004433795817
016003076040207180012010654763979517
016003076058199169207056650814296817
016003076144199137234097655155190317
016003076146199204078068650823483217
016003076153050122184226651294045217
016003076153050122184226651315709417
016003076156192030028020652294913617
016003076164194017237222650036082817
016003076164194017237222650053733617
016003076165194102251049654696020217
016003076165199137226238650345174017
016003076166199177248013652492683717
016003076167192182191114651695861917
016003076167205180039207654003450317
016003076173192182221166653212628417
016006238168194017239252127280038917
016011104228199177248201654224860217
016011124170199177248017654685946117
016012080210237042073248020010200117
016013243073240183007110020050120017
016035125046207020030066000535592017
016035125047199192040127000531021217
016035125047205203003162000533100717
016035125178231225123091000534336217
016035125209131115226060000535713317
016043068168116246215232469960148517
016043068171064005155139375680148517
016048150183116246215246391510148517
016145222019194043149148493194994717
016149188226198209156153495295483617
016160248194240223012177643276098517
016175038146050254095245050562813817
016175038146192030218203050565253217
016179007110116246215241502930904217
016188229208064005155220392631164017
016195143020231225123076000532655317
016195143020231225123080000533790617
016195143020231225123080000535792217
016195143024231225123076000535674917
016195143024231225123080000531546317
016195143024231225123080000532680417
016195143024231225123094000536468317
016195143025231225123080000534871417
016195143025231225123080000535396417
016195143025231225123090000530135217
016195143025231225123090000535215917
016195143026231225123076000532901817
016195143026231225123076000533515517
016195143026231225123080000530315317
016195143026231225123090000533684017
016195143026231225123094000535166717
016195143031231225123080000536276817
016208222162251108225222627724050017
016211079229192182067052572663756517
016212018094231225123092000535904317
016242056115231225123072000531155917
016242056115231225123074000532181317
016242056115231225123076000533974617
016242056115231225123077000531785917
016249228148205236095024650980148517
016249230244116246215244509790148517
016254200158116246215093571240005317
022196059006205149045097081120949517
022246087050205239062133364720167117
025001128137231225123093000531952217
025013203217205187185217351680891017
025041248170205126032236100183305717
025066062205202031094000334785730217
025132031184198209173218515850102417
025150043041205239060108409504942717
025162037244199136103050051562628617
025191241012050062046170423294087317
025203183151202028132128038005574117
025206023080202031152145314504542117
027024098102207001164176012714888517
027052033056212195069012642990420417
027123058160198247229087448220114817
027136167061244003025168201024607617
027136167112215163005169386922797417
027149102197215163167133088804500817
027196140130194042198121137655085017
027242027206199169197049569492834417
030007214253215027187202469762645417
030015071074199208059064400035293817
030015071074205126032236583824807217
030015071078205126032236034782666417
030015071078205126033100034783668617
030015071078205126037089034782639317
030015072241138154105125034785452717
030015077047050121086045034783735717
030015091113205151251147034785650617
030015091118199152011063537303595017
030015094049199152010018034783055717
030018245181205098232229053423471817
030032032174198247238220490432736317
030037228180199170237173397486011217
030060039131198222245011263761608317
030135024087207012138117177316460617
030170077057205249014009527022893017
030201077100205249004179273696189117
030201254189205218157165530280688117
030211066069205239062013649565741717
030221082051244003007245173225648717
032033195215198192215036106863693317
032035153117205251205243609894353017
032042063051231225123075000534081017
032046019227202030199101509146478317
032072185009139136059148000532885617
032083196083202024016106466335311617
032135252225205184032103545804789517
032152018166205071021003329334489617
032248015255202029111184010335331617
033038140189116246215081000534602717
034044002100192030007216431130005317
035014188070116246215163549260148517
035097058004251073188066396884611417
035138182174205164190018260856182417
036071079115212195128204083903515717
036084188012050122231189093056306217
036165187021240183051070365593032517
037001244016212171168138129884571217
037011176169199137233223055812768917
037103094088050122060206067850460517
037149243031215163188029315280412117
037162229247192182186075622240930617
040110051155205071020216514132254817
040216199148198247232094393340012317
040219157003202028017181012533934917
041055167105251100166226560521710817
041133116238138030255162000800005317
041133116238138071029115000800005317
041155068095199192040127000531423517
041155068095231225123078000532867617
041155068095231225123090000535106917
041166185098139136057090358543343517
041225076226205187246050050565568817
041234113206192031126139562010102417
041237045241194042036105068813047117
041249197051192167122164138142630917
042006125222251190163116013782677117
042022234121205219154009005000050017
042029210039202031130249229781686917
042054112007207001003108135491477817
042055017114212227179051462186393017
042055042178207183151219500820688117
042088026197192182191137010472406617
042090099009212194251014010313690317
042091045118212197085191456824563217
042093072230202030148148361214111617
042093139150244031072233209675568317
042093237196199169214136438600688117
042094032059205236085045010295720617
042094185061202024167207240374971117
042094242167205239062133010463879017
042095064133192182090041313115123417
042095217196198243068036514136173317
042204052222131115160236070083559617
042204052222215027223171070086208817
042204053160050121229061060086178217
042204053160205071021217060081168217
042204053160207022024194060086464417
042204053160212064070159060084395017
042204053175050062046170070082628017
042204053175202167044253070083506317
042204053175205126032234070082696617
042204053175215013072176070080599917
042204053184248200034121070080639017
042204053233205187246226070082012617
042204053233205218158048070084271117
042204053233240202062082060083723017
042204055065205218157165122800344517
042204056091215167114145060082659617
042204056168198193188205070083351417
042204057159199222137066060084032217
042204059034205071025061070085087617
042204059034205184032017070083099917
042204059034205218158162060080135317
042204059170138145209075060080120417
042204059170194086008016060082630617
042204059170198247225208060081674617
042204059170205213161154070084533817
042204060035198228177145060082664817
042204060035205035005166070083372517
042204060035205200226102060086411017
042204060035205213162073070080718617
042204060035215027220171060081770617
042204060035240235109162070082210017
042204063195205187184126060082597617
042204063195205213189188070084754817
042207243122202028195010393061968817
044008108211205236089082240105673117
044008206253199153035028240502205117
044016058093207022026127081000103317
044016207029138152125118081066224017
044027244149205138232162040004459717
044028191157251224228030090174499617
044031045223231225123091000535914817
044042000014231225123080000535178017
044055062072199152013238040703175817
044063049160205167105053081160102417
044073023188050255049114040501128117
044095242042231225123074000535574317
044095242042231225123077000532837617
044095242042231225123090000530463617
044198159141231225123091000534771817
044200000014231225123074000534032517
044200000014231225123090000531876717
044202017032199168153244040704480817
044209091165192167126023081124175517
047002121236205098239114451506466417
047006009096205239053028232984058817
047006112021205211049121081000102417
047007050123205239053028258034058817
047027064019215163112217093394528417
047027233164205236239026093396044817
047031026176231225123075000534952917
047037089185212230037170081180151117
047037136053205250092216093390481317
047037239075252248201172093393546017
047038145153251190074029093395022817
047044023125199168238105080004459017
047045024110199152008184093393541317
047045178111215160157143093390880317
047045231157050254094253093390523017
047045239215205236225183093390760817
047048009096215255061253093394029317
047048130064205112188193093395877017
047049040211205098232191093390358217
047049059032207001007191093394493017
047049214016244029085118093395488717
047050047250199137227234093394582117
047050092048205055132144081102392717
047050203175244001199058093394666117
047051059159138056033185093390223517
047051249211240223037058093393784417
047054114103212202218040077815386217
047080081137248200243253055145937617
047090041065050122231189081066287017
047090041065215163006039081080121517
047091075213199171099206093395781717
047100019196199137227028030741533217
047100019241199137227028030741533217
047112113240192132094024080000102417
047119010121138152125152077574012317
047119020233215007246013055025304617
047119188125212202218053320993023417
047119188125212202218053321003023417
047123033166139005144168093395139117
047123048087207012134015093394675217
047123050189244248043249093391139717
047123136195212194251014093395090917
047124015078244001171161093393425417
047124049093198253201122093391888817
047124049093240235108140093395221717
047124146193205219223041093395534517
047124210247212202218061093392745317
047124231125212195089178093394863817
047124240061251190082050093392835417
047160077070131115052071040701595017
047160077070131115163180040602656117
047161043039138071026037409690005317
047161043039198253194017420320005317
047161043039198253202116479580005317
047176245120240183051067081141100217
047188083235207001003108055125395817
048039050108192182239148626176018717
048101233225244020057017122291996517
048105231244207000067229288350104117
048106233185205184032089166461414817
048164227087215019184120068822776617
048165037068050122105077039995059717
048165037068199177255225059990280217
048165186056192182193067024380012317
048165186056192182193067182030012317
048165186056192182193067447050012317
048165186056192182193067447740012317
048165186056192182193067504910012317
048165186056252248025120134370012317
048180136105192182193067149390012317
048180136105192182193067180780012317
048180136105192182193067198190012317
048180136105192182193067495020012317
048180136105192182193067533990012317
048180136105252248025120495020012317
048213152091231225123072000534054117
049041214191244127156184621660102717
049058020088199152008019319063129717
049079181034205250093172081162063717
049093138124212197255043498085575117
049105203240194017239253091460038917
049112246007215163006231442750899917
049119025249205216065031000300038917
049151049206231225123093000530692717
049152098252131115224148258256050117
049169244060205212182061590194498217
049182203048199137227136620822409217
049199050155194043113081514131776117
049211154083192022166135001230166217
049216107215205249055152010624778317
049217137091215106210142614774399917
049228024247231225123094000535851917
049240242002244031072102150243945717
050023201133202028165128308534360017
050050236032205032028083001232663317
050075093021244212229162045003444717
050239207201244001169249089994688117
052232225042139105122034044336204417
053009052032199221119051220445830417
053034238063212195128205438574336717
053038234152138145213107326136470117
053047089218192030065180465850102417
053048176020244038204221134685622417
053084202013199204066163546701229117
053085150036207183133184074773288317
053105023109198192226070089993175617
053153114033199169214054442052470617
053153158145212030198157111700508117
053157155178194042201154150970307417
053173086002202030240105377675312117
053195198220194042039165396852823217
053205055068240223213163168856369817
053216128219138145199253202842734817
053216131124138145199253321452734817
053221254214199137227109425133190717
054110009237251073161183133822697517
054146019149050062046165040202710617
054146028196205251202126040304960717
054146029115251000115139040205080517
054146030217194041033077040505867017
055233058034194017230106531475861217
055233058034205249058184531476542617
056024016244231225123079000530966717
057001248145251108224098405005032117
057009222054240063114123262430141217
057026049073205127141078010272344417
057027101095205098232229456823471817
057104127189194114055086233860038917
058022234124198193187025010252584117
058024244204198229250141428190102417
058107166151205032024094334711444317
058113208185138145208000611752815417
058121102216205218157149537050651917
058122177137050123066195253482784517
058123251103192182003133504131662717
058176068210244205131233068814249717
058226202246199137140191050562633017
058226202247212195128205050563523417
058249233028252248201191505551058617
059025174011131115160221150003365117
059170169203215177138239571853261717
059174143249215019235078166095061717
059181152007202028024044010771263317
059182017004205249010141010372003517
059182037232202118024061013202440017
059184022162202028165128456294360017
059252155150138091022026001231689317
062193046191251224229123040904632917
062200071067231225123090000533007317
062204109093199208052175055123939417
062204109093205126033114055042645117
062204109093215162050050055132638017
062206176135138152152221055132651217
062206176135205236237226055133889517
062207026219212230183095191324755817
062209016255050252039173093394308117
062209212061244067235079093390236717
062211102164205236089095093395535217
062211226235199137231216081061068617
062212051130212232088050093395081517
062213118122251196218162093393521317
062213120083131115009005093395903517
062228052095131115160069081045992017
062246018047192029170002041003565717
062246018047205126033114040104539717
062246154137205098239114450046468217
062246203121212195125024040800192717
062246203121215022057063041104165617
062247008115244001198242040604409217
062247021110205250089102040105875817
062247021110212227179066041004755817
062247091202205126037152040204387017
062250043188199153040229453023064317
062254246053251108156219040305199517
063147027092251224091164081120113017
063171239097139096109012040913516617
063175153012205217251242240401930117
064004255033251190010041000534281517
064004255081231225123092000530556117
064004255129194043146168000530005317
064004255129231225123081000532935517
064004255129231225123090000535152517
064004255129231225123091000530475217
064004255129231225123092000535876417
064025055024212194146194228722680617
064033162102212194147232265286021817
064048052139205113207083089996339617
064048147114207183132053026236237017
064067072075205218042237000534392317
064089111202244248043249045005632517
064239213048251224116037089995675817
065003145161244248229162284075768917
066138119157198241226237000533341817
066138119157231225123077000534506717
066151098140215018247066588980104517
066172068130244158004138410673195617
067000144085244158005051030740307417
067014249139194078255064010244169617
067016109185205203003077125030230717
067024058198202031041094510265469317
067027119026202031157221591003409517
067031199024202118049109137795141317
067127030049205251205173361173295917
068081232065199138218122313903334817
069078169109205236095112374886387417
069080079015207022027020358816373217
069142040212202029062001512070930517
069142040212202029062001574090930617
069142239182212230042118494214557917
070029225069205032028230062195836617
070045176232202030065098563724925917
070047113205202028132095227461408217
070047189204205219218041201271917617
070049041050193232166218179861359017
070060198149205126037192431775773817
070061183140199204112066512022815917
070061207166198252033090418251419517
070071044246231225123090000532804417
070077156155215106045108270394955117
070112152042202030078196391590688117
070118218237251224117111334144103917
070122052150202029001096596462953617
070199015179198252033090128771419517
070199168114194102244093344735492617
070201065146202028162003558531124617
070213070160202030253242356811250917
070214202141202030209173626641338217
071010139048212195133137066724019217
071120109204205249055152438324778317
072011004189050062046178000534691317
072011141000231225123074000530993517
072011141000231225123075000535127517
072011141160194017229034000536441217
072011211056231225123079000532409317
072011211072231225123090000532468017
072011211077231225123081000530836117
072011211077231225123081000535979817
072011211077231225123094000536005717
072044146075139180034162029473327617
072056217247139180046029026274587217
072165049076199153102059527120114917
072219150246202024007011015271136817
073024131049231225123079000533160417
073136109206205180122105499655957217
073138248067215018163219513550341217
073146025197199224156165034785655017
073146065195205055099197061366148117
073149220138199177248248379725578817
073161164058205251202236545065429517
073161165181050123200251622185120417
073161166002139072053034563185177417
073164070223215161044148095005788417
073164088201205219056225000534910517
074043107093251108156178608143491417
074066004180138152126074412700280017
074098253221205166126205378840950717
074109063084244038061149293575374917
074144114158205166063097507085664317
074146002205193241061248010263373417
074146188049202031131194437514050017
074146198188194038095118179095085017
074226188210192132176035509263045917
074227052051202029176023279795635517
074231091091212230228014261035089417
075009219090231225123075000533708917
075010143078231225123072000532973517
075010160108199204113015078895076117
075010177186215007236204564722980617
075010177200202029110097544895118117
075010192210205184035147100220102417
075014075198244029048153000530206317
075019108050207183093146092120930917
075034000156202028156149089994311617
075048189110207012139067525242782617
075065173250139093087219133111008617
075076205082050254095178068810844517
075091223085237042073248020010200117
075091223112237042073248020010200117
075095164219202029176228100080365917
075115009040139180034162456823327617
075247165183116246215071460000148417
075247165185116246215244371930148517
075247165186116246215230635040148517
076071154006193241061248514133373417
076084087163192182061089557455804117
076084087177244067234160655005192917
076084087225202028118133613315455817
076084087232199152125214607666053917
076084107056244127067110270163463117
076084189038244205078224270152700517
076084214083199168152226549734272417
076095231143194031038216068812655817
076173196253205148030099134252653117
076188230178138056035109634615135917
077003063034205070220062463926020117
077027055106205184032057206133938217
077072142240205126127206011002690317
077072254205138154105125297973654817
077089097244215163007171176455288617
077108165207244022242188089993306117
077170200246050057213170114681708817
077190062077205236237154166744657317
077190172018219092207093110600933917
077191221175205187184009221235028217
077205138098244031072108089990899917
077223031036207022030241163510688117
077226001062202030120252610865996617
077238183221205126037089628571990717
078021140167202028064234243300102417
078077108209139180046029068814587217
078233043011202029075133093050930517
079001012082205230082162552985626417
079001067127202031130249548355432317
079058158150139180034162564833327617
080072192244202031188221543124360717
080101216024199169193205170334929017
080200012140199208054020490033145717
080201093218205098232229010934267917
080201163172192182177204141581256317
080201167024202029144113070801748417
080201250049202030254056274655917317
080202168207212197176078388432393717
080207015033205211049098011202807717
080207159146205071021003022594489617
080210148016202028165128010244360017
081013012149199177248062631071100717
081041102066198253221049316941818317
081096181219199221121052471615881117
081100031005202029231130456825544617
081103226191205211042168010242517217
081175111182231225123077000535039817
081175111192231225123074000530288617
082029151080198252033090632731419517
082082002095050248122112202246032817
082171120079198255178226611355151017
082175089200212194054215453901018117
082180094218198247236104169833051717
082254133059199177255231182852837817
083096154177202029098232068810688117
083181117004199153056246010243630417
083231216136194042037123093060930617
083233240090202031017027570004844417
084077059196207012138117182266460617
084116113009193107087189038002808717
084116113009240183144148038004918017
084240249034139180032249405002732217
085029094127207001003108068814019517
085046109241199204126212462462657217
085048209052199170235146567290789117
085124203010205216097054270433219217
085155192185205249004179586552713117
085163051170198192127207077241632117
086015198080207012134080375136380417
086038182214205180067216100376423617
086039067195202029062222646784602717
086051046174231225123074000534924917
086105184166194100127052330805741117
086106177193205035005006510063316517
086117192184251224005137591414947217
086174030044205184067207619973785317
087034211018205216065031267690038917
087091121236202030130156117363456417
087109108069139180046029106734587217
087112175097192029211131556226198917
088046022234139136059148000535027917
088051003213192135131115639472692817
088094077135198247245249356321022717
088102023177231225123073000531118417
088102023210231225123074000530131517
088192159053231225123079000530930517
088197096152244022028153537190012317
088235120180193065062210082444007917
089075158127199153102059390156315617
089188023254207022045110130002662417
089230008051205250082070572106447717
089252147124202118040141000510005317
090025087206244003024194366972914817
090051029223252248025120088830012317
090051029223252248025120530190012317
090093113019215007140194068830600117
090208238199202030068132024100379417
090217240047207001133117545804767017
091102209089207001186130312493582017
091114128167139212126037444821013817
091124121135202029013031405004050017
091177248076192182193067053860012317
091177248076192182193067147020012317
091177248076192182193067278910012317
091177248076192182193067332350012317
091177248076192182193067426280012317
091177248076192182193067439960012317
091177248076192182193067619510012317
091177248076252248025120002700012317
091177248076252248025120147020012317
091177248076252248025120278910012317
091177248076252248025120426280012317
091233209225202031041184288853107217
091235135194202029239095488873501017
092004016049207008191234082624034417
092006059096212171081172352033888217
092018139224202029193096319930899917
092104086052116246215157503040904217
092181182015205071021003089994489617
093116166130202024166154407772567217
093116203119192166172215565631444617
093193094206138152126074390723668617
094022102214199169014172218745835517
094031105004199171099206539183708617
094051239152215163041078564066218817
094117024061202029200226564870930617
094128027173202028016248509173817917
094254055172202028186008500526172317
096013168127139130006120301753594117
096016070065138030203094535975394117
096019190018139061080218362813492217
096043043137198247238054237510102417
096043202014202028225081644374050017
096043204151215255119100257363937817
096043204220199177248208068812723617
096054244112194078242129524614319617
096063005199215004018236030741256617
096065192087215163006231484260899917
096065245171207012143020107261281517
096066212045207008082059464091671717
096097223083207008085229433993913617
096108079130205217247072433141445917
096167009207205239062157620691917317
096186226185198247248208080804091317
096192061176215006172189030746531117
096194151209050254095210375961711517
096196189072192182205008093066408017
096197134014244067211018087824963717
096205213251202028114089030740307417
096205244167202030190069514134099317
097038162202205066141230118630103117
097041219187199170226007228270165817
097101100196202024006128068811077917
097118125242212195130141652274163317
097120124161205239053157190804957517
097132228080231225123073000532478917
097132228080231225123075000533681417
097132228080231225123090000535923817
097132228080231225123092000530177217
097133080209231225123074000536320617
097133082094231225123073000530193617
097133082094231225123073000532956117
097133082094231225123075000535602717
097133082094231225123076000534037017
097133082094231225123078000535404117
097133082094231225123080000530685117
097133082094231225123081000531421817
097133082094231225123092000533071317
097133082094231225123093000535688817
097133082094231225123094000531042117
097133082094231225123094000535846617
097133082094231225123095000532365017
097133082094231225123095000535891317
097133087114205166047190000532347617
097133087114231225123072000533527317
097133087114231225123074000533104317
097133087114231225123074000534444317
097133087114231225123074000534717617
097133087114231225123074000536094017
097133087114231225123078000532753117
097133087114231225123081000533232717
097133087114231225123091000533633017
097133087174231225123076000532820917
097134081196139180034162602503327617
097136122051205166058183270242269517
097160054084205239062133036584982817
097161096059207001001127197895566617
097161187119205250089242222135133717
097162040068139180038212520190782317
097162082132050056158046408043313817
097163172123205035005005321795712017
097165057197199177255009173641250617
097181128066244001169249184264916017
097199219223202030187088627302206817
097204161246240063114123257765307017
097205069088202030122061591640102417
097237251127251190010105265053800817
098002173087205211045105524001237017
098078122056219092051184347960714717
098106208135212194251014578635402617
098128160046244248204034013185744417
098151122129251000115139594022124517
098173073149215163004187030740102417
098176144255215177138239647600102817
099032010195205180067030089996410117
099095085135205066158143631226036917
099113245225192022160239230261340217
099116245232212230183192243010105617
099126049065198209152099534424530517
099141080150116246215232503460148517
099141080150116247217212651930148417
099141080151116246215163454740148517
099141080151116246215232454740148517
099141148210205211122024407800148517
099141148218198192035231429190148517
099141148220116247217084620240148417
099141148220199170078234341990148517
099141148220205211122024620240148417
099141148220244020056039341990148517
099164014178194017012242198531645417
099169034012198243181247383461729217
099242235140202029101215068811924417
099244027145205071025208550720307417
099251170167202029231062036580365817
100080151101231225123093000533262117
100100070228202029027055607940688117
100114030156205199052172377621826017
100118250004205126033101443416145317
100122136130207183152092068810688117
100153119115215013073186585591143817
100208217209231225123073000535079017
100208217209231225123074000532236917
100208217209231225123074000535323817
100208217209231225123075000534790117
100208217209231225123076000533358117
100208217209231225123078000531278317
100208217209231225123078000532467717
100208217209231225123078000534387617
100208217209231225123090000531656517
100208217209231225123092000533793317
100208217209231225123094000530848617
100208217209231225123094000535846417
100222201116212064145045519002591317
100222214098198253196013519004453517
100233213033199204066018538561056717
100250091173138056078236070252976817
101002037013138145213189130003138517
101003044254240063115086208953449917
101018233026207012129086066723039617
101036153208202024005159531773368317
101045020127205184066205372184854217
101053252247050122062061502513201217
101081177061205194245060541400307117
101101093128202024005021556680279717
101132134016244158083125223692796217
101133009103198229250141340900102417
101133041224194114125249030746108217
101134096097244029048234573380102617
101135122197251215148144151806003917
101152186126192182239148642696018717
101156255176207012143245453700193917
101160237152050123136248301210190017
101160237152192182216063113970190017
101160237152194031026055002180190017
101160237152194039038142046350190017
101177044205207001003108119244019517
101190034061212195069067334450783817
101207199103199168152226555366013217
101213186181205200226102131330648017
101246137041202031031171089995151317
102023016225212195133137631180192717
102032196242205032024094355241444317
102032207073050123066195511592784517
102098087060050122231189514130688117
102113238120198254091123586610222417
102122033060205125104194306355626317
102157036229244031127023238870333617
102163105186205187185093192745928717
102175233018205236085028382404180517
102192160237244031072095455531508617
102203187228199171104070612325421317
102203187228199171104070612326186517
102214014109194017238154328631453017
102215010139205126137116497591296717
102216058217199223124253468530104317
103083134251205212182122654382860117
103091250083199153107123182610105717
103105010219205200031217279364831517
103110067216199177254245000534080217
103112218249199136083117571772206817
103124018233205239048152068813502517
103143197066215163006231371350899917
103157181170202030189132466750104317
103193216100212195130200127623150217
103204215206205249010089455393387717
103211142168192029092010335132669017
103225164024240235017110068815453917
103229100212231225123094000532428717
103229102084231225123072000530641617
103229102111231225123078000533931717
103229102111231225123095000534451417
103233238160231225123081000535768417
103245144183207001004123609534579717
103245145222205213165121103981534717
104053115061244158083033558530929717
104072160201202030142244591715433117
104081181041139143180197144864365317
104088017222198240075071273821100017
104098162215215106055010344703563517
104099070172205032018167285742687717
104099071208199177188018467482811717
104104172195215007246013158615482217
104141158021202029015072241950115917
104160174088231225123076000532537417
104160174088231225123080000530400017
104160174088231225123080000532438417
104160174088231225123094000531336317
104160174090231225123076000535811317
104200232012139180037129397484214217
104220089145231225123078000532384417
104220089145231225123090000535211817
104220089185231225123075000534253917
105035187128205113202081601340103117
105142054211202031021120284133189617
105150095190205032024094339431444317
105150121007205167204207603342117017
105179240216212195127017415192353317
105193227059199224099045319922835417
105198240036244127157143129760136917
105204000136202118024009526560926317
105217238162199137234143101530337017
105219165236207020020104292751749317
106029098002199136068166557052726217
106039158080199221119051519595830417
106046054024192022167203010434916017
106082231042244248041067647074893817
106094243123244248213082605114236517
106114206046207009053128257530102517
106123167120215106055127030743836717
106222115221199153054042490450103117
107036246075139180038212294370782317
107038149171231225123074000535465917
107079200233205218158090596351674117
107079205012217010239155461160514917
107103001089207009053128514131264817
107183214079205236085045420295720617
107196010107212194040061513541601417
107197174021205032028230345355836617
107199024037215162121126100001000017
107215015253215167248068587801993717
107219039079215163006231416990102417
107220156222252248201171217150358817
108060010105050251141178113422190417
108060220108205216066184547900103117
108062148157212202162180156190102517
108073001230199153045144064682397617
108074209177205125127088303211025717
108095092199207008082059510775204317
108120070058198255185126434545938117
108120195062205071032190623480113817
108123122021219092009137477832168417
108206060174193232161097000533182117
108206062215050251141044000532846517
108220176246205212231189578730103517
108229112031192135131152620285048417
108233129121207001003192612854468917
109018137007207008086205233935318717
109023164247244029048153302745893317
109031178001194017229137354870344017
109099055180205167107197620570209717
109099103189199153107083093060115317
109118203132192135131152532465048417
109132164002212064070171378520328317
109153180144231225123076000531486917
109153241005231225123094000530420017
109159255248205071047175490490828117
109174099213205251205218574341451817
109192121074199137227109222223190717
109193075101205218041103543885479017
109204097010202028133024586435083417
109205237119240063114123424880141217
109216158089215013074081456324285017
109216158089215013074081501312723017
109239209119212194042041067056153217
109248195003251224228010452882430617
110038052187199171099193030740307417
110047228114205098029246359832673617
110063137154244158005051030740307417
110124241127202030130025011742039217
110127048238244001196059130195684617
110127065151202031027064399581174417
110136060242050120062215623480103917
110142161107251224088150514130175317
110148137175215007228037633045371517
110157015120205211043037265120688117
110157069098198229020234256875241417
110166230087205166055032042870038917
110202206210199138218122623484754717
110203090161192182205008093066408017
110235011060192030097243068812806517
110242229028205184066205594010968317
111005167058219092051184566140714717
111024133078202029006207119230110917
111024134207202030113029619420812717
111024135031202029229106107426244717
111057099170215161111225568732705417
111057099170215161111225642494932617
111092046218251100096119508241046817
111095171190207008082059435780103317
111140088084050251141178210712190417
111199203062192022167048087665120917
111204222015202029190100620145732317
111205213060205249010141566462003517
111246195153199169198037000536194017
112005044068199224155194574470742017
112006116084205071132009275775524217
112039049183138146063253350364098417
112078144100207008082059622791671717
112081189113198193176039001230170517
112081189113205187184146001235798817
112081189113215106055061001234030217
112112068105215007228037453192122617
112148147033244248165093343180854517
112159028173192029095208623843520517
112173015234244089149057250884000017
112173020212207020027062101980105117
112176210117207001000048050565950717
112180019047205218159037149850104017
112188160237202030093060536642823117
113035178073205184038253456820107117
113042008125205199051210370141483417
113067043022202030065098263424925917
113095113218215167248157460006501917
113097233109199152013237180852577017
113101217061244001019238489335236517
113103184091240063017189252570235617
113108065034205032024094147081444317
113108070186205164191130555000103117
113109253137193065024141468325032117
113115113028199137227109105763187217
113126042157198247228194012741169517
113160101052198193179219110030677017
113168227053205199051210442070104917
113181013188199169202100301352102517
113182122052194102249026348461803917
113187009216215163006231136620102417
113212142134193241063237491790365817
114027173232207183150138448220102817
114028059234194043182153162983462817
114112236148244248042018327535347117
114126057116205126039009010245595217
114126057116244003005017010245877017
114152228216205239062133036584982817
114226094090199153047033134044219917
114244047035219092009137239602168417
114255019085199153047033438204219917
116247099228116246215203599190148417
116247099244116246215162513530148517
117027110204252248203051247064596917
117038104222138091065014155535141317
117079156254207009053128603600102517
117112239160205112115008093060102517
117130148231205184032218405760618817
117176172248198241226236118980038917
117176172248198241226238118980038917
118024236151205166209254038000688117
119034045135202024004190069513395517
119142139082139010250151615420005317
119142160193205251200208004432659217
119142160225240063017189004432669617
120185055231205166121110188945032117
120200178051205113195104414850102417
121134213095205126037194068850777717
121136131070205184039240490000102417
121149058110205194217215480340821217
121149058199207183020061452903208217
121149058199207183020061452943049417
121149058205251000115139388623199417
121155232029199170234221529005188217
121192202230202029013031405004050017
121210168158199137227028030741532917
122030155115205251205044361733343517
122039016024205139035230034784605817
122065193016050062046170186183343517
122081170174205166254146010661949417
122133045152050254095245001235359417
122163015178205071044196591665331817
122176213238205032025237068892673917
122199012173192182090031537371250017
123126223247205211049098205082807717
123190098116205148026065018535277417
123190098122199223125061018536543717
123190109103207183158128082004739617
124044067215251073162224232806548917
124045100166212195133124386713343517
124045100187205125081240385993344217
124045100202192182001111377473343517
124045100204244020058005377813344317
124045222038207180012223177711084917
124045222041199171104070177713944917
124045236217202029205095328203344117
124050187046193241063125366173343517
124050187047212171107006366053344317
124085080230194114091018088881743417
124102076047202029034025113065371917
124156152161231225123073000531406517
124244090133231225123092000533621517
124247190161205251206148004434742917
125001025024205249004194163931639317
125003118151244127141165089992898217
125006135017205238230214030742732217
125087159179231225123080000534942117
125109124165231225123078000534986217
125229017171135079171203000534950517
126047073125138145199242082005292117
126047086005199223125061082006543817
126047086179199223125061082006352917
126047092169205213167038082005217117
126053083028219092207093439030933117
126055167112202024016179000233153417
126117023166205249010089239153387717
127041098164205249060235627612717817
127058076177064005155220411681164017
127058076178064005155220541321164017
127058076179064005155220634351164017
127101008018244205138029572242687517
127101008061212064145050617026341217
127101028082215177139062638956199117
127101028217215177242182544982759317
127101029093192030106038521663049517
127107225022231225123075000532669617
127107225022231225123075000532886117
127107225022231225123075000535622317
127107225023231225123091000531416317
127107225023231225123091000535077117
127107225023231225123091000536066817
127107225023231225123093000534994617
127152047038244003004137588123685417
127198184157199177248203068812981917
127237105233199224153178090002760717
127254177229135079171178000530687117
127254177245135079171079000533555617
127254177245135079171147000536325317
127254177245135079171173000531197717
128037227190231225123092000533212717
128055065147192030004237489480005317
128064125113231225123081000535253017
128244218178199137225029269275926517
129005057216192029095211558822872617
129035010066192030007219000532242117
129048012205205066245181092222646117
129048033243202024167065092174581517
129048037255198193130193092120930917
129048037255199208048027092170930917
129117087008192030007216194400005317
129161061229205249014187193104643017
130017125069231225123081000535649417
130021147161231225123073000534678017
130048133193205250089082074812079717
130150037145231225123072000533858017
130150037145231225123073000533825617
130150037145231225123073000534972317
130150037145231225123073000535006417
130150037145231225123074000534518017
130150037145231225123076000534121917
130150037145231225123077000531285317
130150037145231225123079000534540717
130150037145231225123081000536434317
130150037145231225123091000534091017
130150037145231225123094000533587117
130150037145231225123094000534360217
130150039039231225123079000530744417
130150039093231225123078000531617017
130150167217207020029041360590148417
130150167218205148025181599940148517
130174045037202029013031405004050017
130180197013205216066184334650103017
130225015210240063017174011332508117
130245028202205211122152000531361517
130245028202205211122152000533187817
130245028202205211122152000533200417
130245028202205211122152000536463617
130253255023231225123077000532248317
130255203019231225123079000534912717
130255203019231225123090000535225317
131000253054194114090178000253856017
131040222060251190011213214346328917
131051240070207001170180088015009117
131051240215139128098015088014099317
131051241093202030023071088015880617
131085085057139212124083000535530917
131094159156244158004138514133195617
131101203126205126137163000533444717
131101217001194038155243000536498017
131128041235207020253159001234824117
131134146233050062045075001232680817
131134146233138146063253001235666117
131134146233199204115163001235452517
131134146233199208058195001234279217
131134146233202024166092001233195517
131134146233202029158039001233458817
131134146233202030098189001235231717
131134146233202030100111001235176717
131134146233202030254215001234137817
131134146233202118088242001231014217
131134146233205032018067001230206017
131134146233205071042248001234362717
131134146233205180139069001232641217
131134146233205184032045001233913717
131134146233244003248074001235226217
131134146233244127074123001230953417
131134146233244127157198001235573517
131134146233244248140027001233557517
131134146233251108226147001234244117
131140178189198255211077000534821617
131143133229231225123093000533060517
131148087034198252174183000535760617
131170083102231225123074000533852517
131175084198205211123154000531271417
131184001166135079171148000535340817
131184001166135079171187000533139317
131184001166231225123077000534078117
131184042151215027091018001230012317
131184042151244158229243001230019217
131208002213199136086068030740307417
131208002213212195128205030740346317
131208002217192182071019030740307417
131208002242139180038212614560776917
131208002244207012129086614563039517
131208002245205201187131614560102417
131208002246205125184128614566393217
131208002246205251205198614565300417
131208002247205184032003614565137617
131208002251205180032198614560102417
131208002252199137132015614560102417
131208002254199137129214614565734417
131208004228198209142018614562730017
131208004246205125111116614560667217
131208250046199169197242004435495017
131252026055244020059238099871140817
131255054169205212236250592415837817
132057150152240235017110500480103017
132059159040244212048047327522392317
132242183018251224228010241975266117
133002118117202029232092010332140017
133038033179050123065249556881368617
133038052079205250089082010265354617
133038122126202024005082264034160217
133039215180199137227018579451470117
133043176211050056145002450583147217
133088211250215167248091221113425317
133150025028192022164213589505085817
133212010111215106211176546894568217
133212140201215177242002250660994317
133212190216205251207214409890103417
133212244253199177082113340166103217
133213217166138152153233576822719817
133220009069251073189165648992704417
133221182236194078242090089992040917
133226200142215019014000093060515717
133240162029194017238154358721453017
134009113047138152126226000531877317
134009113047138152126226000534475817
134009113047138152126226000535471017
134009120193198033105217000532343517
134009120193198033105217000533050317
134009120193198033105217000533789317
134009120193198033105217000535500117
134009124177198033105216000532900017
134025023064207012129092522110717917
134042003119231225123095000533234617
134159101059193065004076056045508017
134159103196202030172052050000596817
134172200160199223125104000535518817
134183113047064005155037000532358917
134187045247199153050218515420005317
134199068120231225123080000534585317
134215142023202029114201000530286517
134215151250240183048228106333956617
134233147119138145213185612330287117
134233147245215163007214565796367817
135072013018244067209230416983365817
135072013122205164122070348525925117
135072013192192167239169595964962517
135079087194192182128053513724662217
135079127178199177255039507244984017
135083152077251100097023652055542017
135150208159231225123080000530459417
135207186068192182102029000530856617
135207186068192182102029000532541517
135229205066231225123075000534438617
135244008101215167248185191325558917
135255187201231225123094000534818417
136053047022205164112021114244792417
136053047100240235109089191114973717
136053047100244205008122302324796717
136053096056192029095215100250928317
136053123190199138218125101082671217
136053123191202024016184101283238717
136053123191205187186093101402672217
136157070216231225123081000534187217
137008024177192030007216562170005317
137067095126207180012205340473070517
137072067116205187185217244670891017
137118059109198220149151270505498317
137227104119231225123095000531687417
138054052239205126039009102983001317
138054154219205250090093292991455817
138055207071215013075116045000450017
138061131188205032028230583805836617
138119022012202031065137226202150117
138119065051240063017146293170116817
138123166124192030106200547022602217
138152152245205249057107224964211117
139043249152231225123074000535744017
139044150245231225123092000532965617
140014128033231225123072000533068517
140014128033231225123091000532105217
140014128033231225123092000535345917
140075251127231225123072000535596817
140081030229231225123081000533698717
140083255111198033105217000531433517
140083255111198033105217000535939117
140114212141231225123075000535175217
140114212185205126137163000534621917
140158233002231225123075000533863317
140180208166215019232013088015355017
140180208166244127020060088012649817
140195142226202029098232614040688117
140247021212205183117061000531956917
141236058017231225123080000533115117
141236058118135079171194000532686317
141236058155198241226237000532034917
141236058171205211048023000534604017
141236058194231225123076000533243817
141236058210237042073107000536012317
141236058225231225123073000533407617
141236058236194038152203000532007417
141236059007231225123090000531624117
141236059015231225123079000533580017
141236059028231225123090000535992417
141236059035139072051021000532003117
141236059046231225123079000532610317
141236059066231225123074000534783917
141236059066231225123077000532579517
141236059077231225123091000533849517
141236059079231225123095000533540417
141236059095231225123077000536322017
141236059140231225123074000531270317
141236059140231225123074000534854517
141236059156231225123091000530516217
141236059234231225123093000533886517
141236059238231225123076000534525117
141236059253231225123081000532275717
141236062042231225123081000531194217
141236062049231225123080000531235217
141236062106231225123075000533278317
141236062106231225123075000534276917
141236062117231225123079000535286117
141236062135231225123073000530684317
141236062163231225123090000535026517
141236062207231225123074000535102417
141236062215231225123079000535945117
141236063067231225123093000530782217
141236063110231225123078000531108417
141236063126135079171071000532668317
141236063126135079171133000531790917
141236063126135079171149000535918017
141236063126139136059143000533443117
141236063126231225123080000536179617
141236063211231225123090000531543317
141236063219231225123092000532756717
141236063248231225123077000534599217
142039248210194038153213219741528417
142073049132194017239252131180038917
142073049132205211056089229290038917
142215084189215167248185341470200517
146017019058231225123076000534041517
146017019058231225123076000534670717
146017019058231225123090000532685217
146017019058231225123090000536537717
146052242243198243139106274611345217
146069123048205180084151089992556517
146094051016231225123076000535545217
146094052144231225123090000530104417
146146154001205167059073255040038917
146217091037199169206186496080110917
146217204240244038133045361473249417
146226042146205212181107068893533517
146226231013199137227092516410897717
147020010216215177154219483943197217
147131194051194039040069156216095617
147145124223244158005053117796394917
147146249018231225123094000532329017
147183250071199169208027004435026617
147189155231212194042041645176153217
147225170052205239062137408531076617
147247232222215019232002137923203317
147253192077202031052225230885702317
148019074125205200149026050562873417
148044157148231225123081000534905417
148067220032199153099086000535602517
148067220032205238230214000533920717
148067222062198255170114000535013617
148067222062205113203229000535401317
148067222062212196233229000531767717
148067222062212196235006000531935817
148067222062215162057212000535340617
148067222062240223215108000534595817
148067222062240223215108000535013317
148067222062244029048153000535509117
148067222062244029048153000535550117
148067222062244158083115000532510117
148067222062251100166226000532838617
148074155144244127020085043796197117
148075188109199153099165618370005317
148083148055205251205178000532212817
148086154091251190010037000534037517
148091246152207180185095393550005317
148091246160231225123080000531279317
148094032046231225123092000533529717
148152024128138147090121073502652417
149009132211192182159017000536532417
149016102181231225123077000531324917
149016102181231225123094000534846617
149042148153139212096090000531334517
149158096213138145206181050720506017
149210152067212195133124498193292717
149210189169205250093200068905024317
150067236116192030007221000533303117
150073157026240223181066406812827517
150250019034202030024221168803336317
151045153003199153102059284370115117
151060085057050062046165255372782817
151147068198215004234213602240808017
151198129011194039038142526440190017
151198129011194039043140526440190017
151198129011205180022222570830190017
151236058200202028127122001233779717
152001058006231225123079000534197517
152145216071231225123095000530231317
152151005099205032026104083950005317
152175076105139105124170330805545017
152218184162231225123079000533590317
152236190237131115160090000533138817
152244038122139136059148000533467617
153014058240244031010013384282652417
153037036193199153100146155285639117
153053194191193065015042034784504017
153053194191202118048045034786237617
153084227027212194042166183486288217
153151047073198247228194227150102817
153170052214215163006231038440899917
153217060166244212073048156306196517
154005252018138030205127243900110217
154025066201205138176063501003710317
154031038092251100165037068893428717
154040165080212202075077103694028117
154040172094205211043031236263491417
154185123091231225123090000530482817
155021116154205151248074254722436817
155248234235205239062099540824922217
156080160023199169195222482191401317
156102054075194078198074416706034617
156127033094199153056246376336010717
156134094247199169214136076632242917
156223083008215004038043177204713317
156245189123207008082059164560103317
157134095152202030124041203855921217
157202008207198253220163321720012317
158014069117202029021053011193925217
158050247185202031149149452613636617
158050252152138091022026620613945717
158051057117240235108140514132253717
158051224192199171102231155631773217
158069239164202030176089071162938417
158070251000202031035016050715114217
158079248008202029230034162784354917
158120240035199169014172494345835517
158122036165212195132003284151782317
158158073224202030076142089501464717
158196021141193065075131161612020717
158206111096202030022197197231558817
159098228134205200027178165675969917
159111133128202028024044591761263317
192041134073205250095175581794586417
192044165083050253169183638721277317
192045007163198193176070345164708617
193059040210205126137163514280005317
193237151098231225123091000533564817
194015034027251196216180010242165017
194059065237205249053052360873830517
194074056192240063017146240980204917
194117130020205250092127010435532117
194161029115205249048218100004772517
194161146118244212136155068810899917
194182061228205035078210429730105017
194187210001202031007170332894117117
194187210001202031150232332895353517
194187210001202031155250332895702117
194223197022202029013031405014050017
194244175183202028160151036580365817
195005227089139180038212036580365817
195023131247205071138250455234746217
195029159079202030155186046771003317
195033229031202030056231438196423817
195112255213192135131152611655048417
195113056220138071029115057920005317
195126045031205098234044117923121817
195151055083251190163116089992695117
195161144044219092051188594235117917
195162242079202118044098559843047517
195186026078205251200174619255456017
195197128216199177248017121974872717
195208195143205151251253216220102417
195209220054139180034162516495386517
195211088095215163004045406990105017
195211208244139180038212116444120617
195215046042212195130182347880808017
195247171176138152125013357272488317
195255195129199177255000477831469917
196014049172231225123072000532200617
196014049172231225123094000531199417
196043026097231225123073000534807717
196043026097231225123079000535530617
196043026097231225123091000535611717
196043026097231225123091000535899917
196043026097231225123095000536125917
196052037242192182088086151514915517
196052037242205098234051151533844517
196052037242205148029021151513793317
196052037242205201186222151524915517
196052037242207001012251151524915517
196052037242212194202248151521732417
196052037242215022057009151530154017
196052037242219092009073151534915517
196052037242244029240022151514915517
196052037242251215113173151524915517
196055172072205236085011080000216517
196055183065198254094122039994365317
196085001142202030105015482583862217
196085110087202030118165485775806817
196085144067202028028145348854049417
196085169003202030087243370953466017
196088223164116246215242363060904317
196092182181116246215241576240904217
196093064098205071034224000534026817
196093064099231225123094000532374417
196093065108231225123072000533860417
196093065108231225123072000534910717
196093065108231225123073000532798917
196093065108231225123074000530791917
196093065108231225123076000533427017
196093065108231225123076000533432717
196093065108231225123077000533751917
196093065108231225123078000535893117
196093065108231225123092000530817517
196093065108231225123093000531162317
196093065108231225123093000532874917
196093065108231225123094000533656717
196093167107194017228043439510148517
197004217185231225123079000535119417
197033236094231225123081000531264517
197038148067205164097069051280506017
197053130000205249010089538913387717
197061129192244089100207092120382217
197064049162231225123090000536099517
197070150212205251202108000534513717
197070150212205251205198000532027017
197078203161135079171175000535355617
197095110132240063017146180190116817
197106250176202029149205239521493617
197109049206215163005030200166003217
197134100137205126137100453692577317
197146133013199192040174016465032117
197217074247212227134183271212715617
199048176190251224228010247935298417
199053127042215004019226336623765117
199089017083205180073171339163036317
199124155195212195028084351080688117
199169198219199169198037383820005317
199200025055199177248203170653668617
199201067071240063017174502102896217
199245167098199152014036602413037517
199249103094205250095175176674586417
200013035150138091022109473273761917
200016090066231225123093000536529417
200016118132205066158112000530842617
200124034177139136059148000534326617
200124151238231225123093000534802817
200124200090192182193067002210012317
200124200090192182193067051080012317
200124200090192182193067073480012317
200124200090192182193067088770012317
200124200090192182193067107840012317
200124200090192182193067132330012317
200124200090192182193067140830012317
200124200090192182193067294680012317
200124200090192182193067312020012317
200124200090192182193067502770012317
200124200090192182193067588240012317
200124200090252248025120173680012317
200124200090252248025120278250012317
200124200090252248025120349800012317
200124200090252248025120459770012317
200124200090252248025120468920012317
200174155096202028024230368805902317
200174158020202029239078011656445617
200175194142202029174229010245089817
200205181229205164115000448875032117
200223137184231225123093000532704617
201002156078199169206186029335195217
201002156078199169206186029335311817
201072135131231225123075000532176717
201072135150205211048021000532487917
201072135153231225123092000530204817
201084218219193232166117597954775717
201104040177202024167168068815919217
201141073033192030007216364890005317
201211242019207000064133001232676517
202017083254205239079024050600522817
202017126114205239079024050600524417
202019036052192182179229571282786317
202220175106205239079024050600532317
203012104121205183117022000530791217
203024174235205098029246517932889417
203024230185205113240244265083913217
203059071113207180014218068815258417
203085162048231225123080000535306317
203123006164205070220062544956020117
203123039080202030078114010264697717
203123124019205125127041369155805217
203132058010205070220088180222623917
203152006138050122231189093056306217
203203182002231225123090000536070017
203203182002231225123094000531258017
204040027026205126037192537605773817
204040108052205251207214195070103517
204046026097207012139034592270235217
204046050129205098232229042854267917
204092196069231225123080000533760817
204097024236199169214054464100111417
204104062198205195120197506830636717
204104075121205167104077089995200717
204124074102205218244149046983264017
204124082123205071020216452722254817
204133016201205218157149610500658517
204136073184205166055032463590038917
204136073184215027234142463590038917
204150012238202024167133227652139917
204151042127202028016032100563789117
204159155098202030153143517415003417
204180047052202028016032270453789117
204212170162198241227019114900104217
204213169123205216065047559190688117
204221151123050122231189396076285217
205016141152199223117202081960279617
205046065097199177248203261700246317
205079201138205251200174384411216117
205129061109205126039009284005589417
205130121150199177248242411175579917
205131243139205249048051017161061217
205133145130194017229138010242922017
205134025170199152005234319200103017
206019124226205098234026030616172517
206038171198205180085214093070016117
206042194049207001004013126015032117
206048207188215013072176271104995417
206089105115212195128205422464556017
206089105214199177245245127432795917
206089105254205184071112127100102817
206091050060244158139225394090104117
206105047132202031159113261606321817
206105204055202029158165326734649017
206111171006205098029085505321817117
206155114021139072053034514172030317
206166204180205071032190534930114317
206168117167202030081069617786146417
206207199142212196220006598616232217
206218135031205032024094170201444317
207056112047199153103206103253612817
207116022091199170068172371590005317
207116022092199170068172102750005317
207116022095199170068172451770005317
207117057112202024016182034785830117
207180031147207012131048439593852817
207230038178194017239077045690456917
208229082224212194052028108955390717
209089095103192182180208081905032117
209090061077205213189166112142800717
209101038134205211045105418001237017
209224147139215167114145501065362117
210011223039202031157160511051414217
210011249049192030028192579745700717
210013122221198209185095594442676517
210056093042215007246013630766103917
210061102029215177154201004434771817
210061102044215177154198004432642117
210061102104240063017189004432728117
210061112145215177154200004435759417
210061112218215177155029004434142317
210061112219240063017189004435807117
210061112229215177154219004430314417
210061159027205113204113004436098417
210061166251205251200208004433920717
210061167103240063017146004433735217
210063197068202167002161050565189317
210109170186199177241169241641207417
210161238228215027088161435354798917
210178016215199137227028030741532917
210187145027212202151081083470879117
211037211043199223123197211570124017
211038129041215177154201004432680117
211038129096240063017146004433394217
211038129098240063017189004435292017
211240192218199170068172556600005317
211240192219199170068172304070005317
211240192232199170068172541420005317
211240192235199170068172062260005317
211240192240199170068172376270005317
211240192245199170068172331290005317
211245217106205071138052321095905517
211247232227199204075029001235179917
211247232227202024016075001233493617
211253197119194086007127556592716317
211253199031199137227090647390262717
211253200204139130007194592996275417
211253200219251224229119625274319317
211253200238244029049123569913833817
211253220150205218159165569044747717
211253220154212064082250491705841617
211253220172194031033031521121167817
211253223037205125102216541275601517
211253223118244003240026545290236917
212143024172116246215157544110904317
212143024180116246215241643300904317
212194015201244038133045131381737717
212230093210251196218162502535319617
212232137080050252039173012131222817
213107184216240183048189595105413117
213129100092205185134074466493013517
213182131050205251202087100025371017
213182131057205251200212100034621017
213182177196199170068172199810005317
214151154205192182024096095235645617
214169020186251196145111068820899917
214176079047205211000142264961362017
215018220157205249051081333035080117
215167200011198247224113190480106817
215222053010116246215229000536162517
217007175026231225123093000533229817
217214151224194038154240232380103317
218042008052207008086202257245557217
218042016119244029049137610970108117
218042024043252248203203354435873217
218158088184192182225183044336183317
218225091066231225123072000534142417
218225091066231225123073000535278817
218225091066231225123074000532567217
218225091066231225123075000534906617
218225091066231225123078000533445217
218225091066231225123079000534885917
218225091066231225123093000536344317
218225091066231225123095000533976917
218225091067231225123072000535876117
218225091067231225123073000532853417
218225091067231225123077000534191417
218225091067231225123079000530246817
218225091067231225123079000531303917
218225091111231225123081000531152017
218225091111231225123081000531650317
218225091111231225123081000534360417
218225141147116246215243623250904217
218225162157116246215240635650904217
218225236131116246215243533030904217
218225236210116246215157605840904317
218225236211116246215240430250904217
218225236211116246215242430250904217
218225236216116246215242493870904217
218225243047116246215240441630904217
218252053227139218240061208906033717
218252053227215167025218208902660917
218252110062212195069081220823370017
218252187244192166238235001194800617
219117034170198240075034595003343517
219117230111198209152169613534050017
219122038110231225123095000534509817
220145171171205250090022149712684817
220162158216192182090041366805123417
221050236046192166238235132693845117
221191091114205250088232068882250417
221191093051192182140199093060930617
223003039002202030076065011940102417
223005166134244003006161335685341317
223010192181205200243093270315882617
223010194025215163007035270195933617
223010194083199224154086270193235017
223010207032192182049224151530105017
223010207032207183136191151514915517
223011156115198192205182088012941017
223044129146152098209050151533077417
223044129146194031030213151510650417
223044129146198192238108151514915517
223044129146198241227083151514915517
223044129146198255185128151534915517
223044129146205071023194151514915617
223044129146205184041194151524915417
223044129146205236145167151520157717
223044129146205249056057151511102117
223044129146207001000091151530409717
223044129146207020026084151515270517
223044129146244038204221151534556617
223044129146244038206142151514915517
223044129146244158137155151534915517
223044129146251224004203151534585117
223045056025205239062133549724176717
223080146103135079171172000532320017
223177228123231225123072000533971917
223177228123231225123074000535076017
223177228123231225123091000533147717
224000063221212195028084580570688117
224005036196207000067229159040104117
224005114202219092011204509691969817
224141158218205212179110092171786717
224213113095215177154219629033740517
224232239080199169220153217851334817
224232239080202118117035217855349517
224255190058050057213170312491708817
225021054208199152108151514486150217
225108043048202118045041101761117217
226025005176231225123073000530943817
226025120118231225123079000535335817
226025128048240183048199220035612917
227223061135231225123079000534370017
230123000236207012136186378355341317
230203220040198247252058045006099117
230236004139231225123077000534493117
231008065218199224156157030754079417
231059146130212171082154536963940817
231194171034198243068233270635160717
233037093075205251202072184422637317
233041163219205250092020046435209617
233092171217212227176016114943446717
234121023040202024004254639691485117
235128153174205183123101272020005317
235128153174205183123101486740005317
235199002162207020021249585126030017
235199197007205202231083359703338617
235201107094205180073171136533036317
235229058163244003024207036585294117
236146061095198033105216000533183617
236236130018199152003176242580005317
236236130018199177255206645800005317
237007145187139212104042000534876717
237038204234139010250151405470005317
237040072142205251202002400204677317
237042071044237042073248020010200117
237042071045237042073248020010200117
237042071047237042073248020010200117
237042071050237042073248020010200117
237042093047237042073248020010200117
237097251011050254092220500455814317
237113105031139212124082000535030717
237241128204205126032236034782659217
237241128204205139035254034785603017
237241130076202029060102034785081217
238025202131240183048041419600005317
238174092028219092011204100202806517
238174120075207180012223100005839517
238174121177194038149128100510165917
238204142132207020253153021534006517
238204206120205184037204000256034517
239000225090205249055152314454778317
239170051080207020027127270325830217
240108031113231225123090000533113817
242022048113050056082029217982725817
242066001020207008080123045002647917
242072234048205250090022066720209317
242254061245205211005185314030450017
243054009032231225123079000533743417
243054009032231225123081000534017317
243054009034231225123076000531416117
243054009034231225123076000536221117
243054009035231225123073000534244717
243054009038231225123078000532476117
243054009038231225123093000534655317
243054009045205126137163000531001917
243054009046231225123094000536354717
243054009047231225123090000532034717
243054009052231225123081000531540217
243054081002231225123094000531530917
243054081003231225123072000534421517
243054081005231225123075000533911817
243054081006231225123077000533383217
243054081006231225123080000530141217
243054081013231225123074000534522217
243054081014231225123073000535763317
243054081021231225123080000530443417
243192025006199153048236432980106617
244199065033199136086040001093678717
244199163042212195128205099951183717
244200061166202031141188045050450517
244207226057205032028007395142666917
245098018073205200025076092100107317
245098161055231225123080000532485717
245212148086205139034077526775604917
245212194134205164191130530460103117
245251025053192182090041521295123417
247003246130202031027064633376045917
248053142177205071019011242580830017
248058098027050255049114212790206317
248062241188207183132053375316237017
248126214187192030101172084754469017
248138140087205098227030001234563917
248138141038192029095208001234968017
248138141038192029095216001234964217
248138141038240063017153001230213717
248242135056199153050218530460005317
249070079098205032029047001233387217
249070079099050255155186001230012317
249070079099199152014239001232828917
249070079099199152015188001233059417
249070079099199169214054001233846517
249070079099205032029047001233449617
249070079099205185134064001230012317
249070079099205200028123001230012317
249070079099205211062240001230012317
249222148047205184073173614651817517
249237212173249237189017505830196717
250015136159199153035181363685380317
250025126186231225123078000534985117
250201192162231225123077000536175617
250205133118205218042237000531568517
251000214132244029240023244553976717
251000215190192029215053529340254417
251000215220050253233248447900397417
251156166047199170237189586852183517
253102008178050123136237001235184017
253102008178050123137166001236020017
253102008178192031070089001230012317
253102008178192132040221001230209817
253102008178192132040221001230217217
253102008178198223189069001233602217
253102008178199152081230001233504317
253102008178199208159192001230012317
253102008178202028070150001235372217
253102008178202028071246001234335717
253102008178202029062043001233976117
253102008178202029202061001235906617
253102008178202029202137001236081117
253102008178202030199179001235482317
253102008178202031133226001233479217
253102008178205033004020001233978617
253102008178205211046248001230012317
253102008178205211051135001230012317
253102008178205239036080001230012317
253102008178212171042008001230012317
253102008178212232015226001230012317
253102008178215018094014001230012317
253102008178240063017189001230217817
253102008178240223029005001233323617
253102008178244038064101001230012317
253102008178244157200111001230012317
253102008178251190157037001230012317
253130006183215019184120068812776617
253187082128231225123072000536046317
254216107121205250008064150055636617
254216107121244089149057150444845817
